# nu [Hz]              s [erg/s/Hz]
3.2967032967032964e+16 8.651303140861854e+22
3.1914893617021276e+16 9.643272793835166e+22
3.125e+16 1.0734732121453098e+23
3.0612244897959184e+16 1.1588064308221451e+23
3e+16 1.3633543409383817e+23
2.941176470588235e+16 1.6252833593411312e+23
2.8846153846153844e+16 1.7683385873497796e+23
2.8301886792452828e+16 2.0269847243992506e+23
2.7777777777777776e+16 4.6144108115407175e+23
2.7272727272727276e+16 2.3215824689202606e+23
2.6315789473684212e+16 4.570970810408293e+23
2.5423728813559324e+16 6.929992424950062e+23
2.4793388429752064e+16 9.791956735088703e+23
2.4e+16 1.0724789362656409e+24
2.362204724409449e+16 1.1385344790317172e+24
2.34375e+16 6.937111653620303e+23
2.2900763358778628e+16 5.2702514521338994e+23
2.2727272727272724e+16 5.913663487422563e+23
2.238805970149254e+16 5.784267137982418e+23
2.18978102189781e+16 7.379380080660399e+23
2.1428571428571428e+16 1.5381716996341115e+24
2.097902097902098e+16 1.742411866800824e+24
2.0408163265306124e+16 1.6088420721048194e+24
1.9867549668874172e+16 2.1383197138243193e+24
1.935483870967742e+16 2.240021267150687e+24
1.886792452830189e+16 2.4077588837399606e+24
1.851851851851852e+16 1.7627015011547544e+24
1.8072289156626508e+16 1.2747203567352645e+24
1.7647058823529412e+16 1.1685211785041751e+24
1.7341040462427746e+16 3.135602135405213e+24
1.6949152542372882e+16 3.5957151341071306e+24
1.6666666666666668e+16 3.03706268244281e+24
1.6483516483516482e+16 2.3554371542164313e+24
1.6129032258064516e+16 4.235792077388998e+24
1.5706806282722514e+16 2.921631779092163e+24
1.5463917525773198e+16 1.8699595195876905e+24
1.5151515151515152e+16 5.367463821193495e+24
1.4851485148514852e+16 4.888003229510768e+24
1.4634146341463414e+16 4.2632074620166443e+24
1.4285714285714286e+16 5.386136242996192e+24
1.3888888888888888e+16 7.630557118037241e+24
1.3636363636363638e+16 6.484464349608176e+24
1.3452914798206278e+16 7.847990549122063e+24
1.3215859030837004e+16 7.42900173313437e+24
1.3043478260869564e+16 1.3088636823893343e+25
1.282051282051282e+16 1.1799142877654847e+25
1.25e+16 1.7057729719133968e+25
1.2195121951219512e+16 6.071960804954802e+25
1.1904761904761904e+16 8.521377926049345e+25
1.1673151750972764e+16 1.461251573894539e+26
1.1538461538461538e+16 4.880625011788733e+25
1.1363636363636362e+16 9.28082532831412e+25
1.1152416356877324e+16 7.122841908517941e+25
1.094890510948905e+16 1.789039259052608e+26
1.0752688172043012e+16 7.006274551888855e+25
1.0563380281690142e+16 8.999853196236975e+25
1.0344827586206896e+16 6.976614738133174e+25
1.0135135135135136e+16 7.937471289042074e+25
9966777408637874.0 1.5209387906755624e+26
9740259740259740.0 1.616256104820453e+26
9433962264150944.0 2.171415758318494e+26
9146341463414634.0 2.6766798692783476e+26
8875739644970415.0 1.7355300824892905e+26
8620689655172414.0 2.1322947281668303e+26
8403361344537815.0 7.782249988701772e+25
8196721311475411.0 2.7431585894186888e+26
8000000000000000.0 2.3550020024045596e+26
7792207792207792.0 3.2872308519534933e+26
7594936708860759.0 2.018287063455136e+26
7407407407407408.0 3.465124089268936e+26
7246376811594203.0 4.096466687486581e+26
7109004739336493.0 3.742602016089313e+26
6976744186046511.0 3.992598657845992e+26
6802721088435374.0 3.439108869620351e+26
6651884700665188.0 4.59284542306175e+26
6521739130434782.0 3.617132423799645e+26
6382978723404256.0 6.628793058182884e+26
6250000000000000.0 4.703934004588702e+26
6122448979591836.0 5.377753670175848e+26
6000000000000000.0 7.03864001155099e+26
5928853754940711.0 6.507134431544986e+26
5859375000000000.0 6.956305829576126e+26
5769230769230769.0 8.615201360767231e+26
5660377358490566.0 7.837372423814358e+26
5555555555555556.0 2.8705575945419657e+26
5454545454545454.0 2.5691775846921943e+26
5357142857142857.0 9.651499650665174e+26
5263157894736842.0 9.513897247642731e+26
5172413793103448.0 8.948180426564933e+26
5084745762711865.0 1.1346783502365387e+27
5000000000000000.0 7.502417804460876e+26
4918032786885246.0 1.537051486600242e+27
4838709677419355.0 1.1330840450101656e+27
4761904761904762.0 1.316860722082307e+27
4687500000000000.0 9.426461394666763e+26
4615384615384615.0 1.1685181395319339e+27
4559270516717326.0 1.0888812825302232e+27
4511278195488721.0 1.056019738587061e+27
4444444444444444.5 1.2440169304960054e+27
4379562043795620.5 1.2017105896756842e+27
4316546762589928.5 1.2068640603295407e+27
4255319148936170.0 1.301808129431364e+27
4189944134078212.0 1.3675234740499645e+27
4132231404958677.5 1.380613089792132e+27
4081632653061224.5 1.3537966137077495e+27
4026845637583892.5 1.3295090281003693e+27
3973509933774834.5 9.57618766869505e+26
3921568627450980.0 1.5754390847375106e+27
3870967741935484.0 1.3573196932753232e+27
3821656050955414.5 3.997312105285285e+26
3773584905660377.0 1.5559047354522388e+27
3726708074534161.5 1.506435376837354e+27
3680981595092025.0 1.503882697680128e+27
3636363636363636.0 1.541369078681564e+27
3592814371257485.0 1.1287602218897136e+27
3550295857988166.0 1.5815836371599172e+27
3508771929824561.0 1.4666651569918691e+27
3468208092485549.0 1.4335107701669793e+27
3428571428571428.5 1.6029679951700912e+27
3389830508474576.0 1.6351412950893538e+27
3351955307262570.0 1.6710321895686031e+27
3314917127071823.5 1.6638183267641634e+27
3278688524590163.5 3.5069609772340255e+27
3243243243243243.0 3.3771644637625604e+27
3208556149732620.5 5.155039139782606e+27
3174603174603174.5 5.07635940318758e+27
3141361256544502.5 5.037041029565766e+27
3108808290155440.5 5.247873670904314e+27
3076923076923076.5 3.7726626863181905e+27
3045685279187817.0 4.2388808211820866e+27
3015075376884422.0 4.951136580086947e+27
2985074626865671.5 4.8397270468280307e+27
2955665024630542.0 5.275223078338283e+27
2926829268292683.0 4.521436918172025e+27
2898550724637681.5 5.087793133617435e+27
2870813397129186.5 5.602364045673473e+27
2843601895734597.0 5.58577791446204e+27
2816901408450704.5 5.373137579293882e+27
2790697674418604.5 5.242708048753312e+27
2764976958525345.5 5.162478091950846e+27
2739726027397260.5 5.553374779827734e+27
2714932126696832.5 5.480917958105848e+27
2690582959641255.5 5.235744920315351e+27
2666666666666667.0 4.717520435976565e+27
2643171806167401.0 5.494528979958226e+27
2620087336244541.5 5.416636833381805e+27
2597402597402597.5 4.97969465771543e+27
2575107296137339.0 4.964558081872323e+27
2553191489361702.0 4.479860375602562e+27
2531645569620253.5 5.31845447329727e+27
2510460251046025.0 5.020009694565524e+27
2489626556016597.5 4.921900604754048e+27
2469135802469136.0 4.476940279836149e+27
2448979591836735.0 2.9239566036223476e+28
2429149797570850.5 1.2409167892192077e+28
2409638554216867.5 9.525054036434431e+27
2390438247011952.0 7.534530528779828e+27
2371541501976284.5 6.904620228859497e+27
2352941176470588.5 6.535805429828018e+27
2334630350194552.5 6.147308387721551e+27
2316602316602317.0 5.850840812043274e+27
2298850574712643.5 5.8378074794973e+27
2281368821292775.5 5.754137704282997e+27
2264150943396226.5 5.623808215236242e+27
2247191011235955.0 5.612951332851611e+27
2230483271375464.8 5.323329074349179e+27
2214022140221402.5 5.572464824126034e+27
2197802197802197.5 5.466433233406533e+27
2181818181818181.8 5.428678740094942e+27
2166064981949458.5 5.30796795233555e+27
2150537634408602.2 5.026054117482281e+27
2135231316725978.8 5.152421618380833e+27
2120141342756184.0 5.278148744623948e+27
2105263157894736.8 5.056947838297128e+27
2090592334494773.5 5.19137674594769e+27
2080443828016643.5 5.259437105997337e+27
2073255010366275.2 5.241019885629323e+27
2061855670103092.8 5.211283883743068e+27
2047781569965870.5 5.151266215791881e+27
2033898305084746.0 5.160749580178503e+27
2020202020202020.0 5.146614658114659e+27
2006688963210702.2 5.154791819105556e+27
1993355481727574.8 5.06934379199533e+27
1984126984126984.0 4.969953525347651e+27
1977587343441002.2 5.018222425148426e+27
1967213114754098.5 4.92105742155268e+27
1954397394136808.0 4.8067939392019973e+27
1941747572815534.2 3.9464418940938004e+27
1929260450160771.5 4.908056256583881e+27
1916932907348242.8 4.3488800484408576e+27
1904761904761904.8 4.839270088260159e+27
1892744479495268.2 4.503055279435702e+27
1880877742946708.5 4.866874193436866e+27
1869158878504673.0 4.804728131269208e+27
1857585139318885.2 4.769290744552246e+27
1846153846153846.0 4.764699062803663e+27
1834862385321101.0 4.78733985470401e+27
1823708206686930.0 4.848535165943868e+27
1812688821752266.0 4.7722670858024653e+27
1801801801801802.0 4.7725141089025285e+27
1794258373205741.8 4.6765037990184114e+27
1788908765652951.8 4.8076724419066777e+27
1780415430267062.2 4.7779165005287556e+27
1769911504424778.8 4.7278985648250464e+27
1759530791788856.2 4.6862722123588265e+27
1749271137026239.2 4.607305327569218e+27
1739130434782608.8 4.609214761602651e+27
1729106628242074.8 4.6445934302536883e+27
1719197707736389.5 4.610729116507595e+27
1709401709401709.2 4.613632384759062e+27
1699716713881019.8 4.5669700625860105e+27
1690140845070422.5 4.5462724646549536e+27
1680672268907563.0 4.54983016982218e+27
1671309192200557.0 4.545876690981526e+27
1662049861495844.8 4.5425859965004793e+27
1652892561983471.0 4.4784940754198913e+27
1643835616438356.2 4.4783133988779657e+27
1634877384196185.2 4.4601645593519834e+27
1626016260162601.8 4.372416114990384e+27
1617250673854447.5 4.3625113831929943e+27
1608579088471849.8 4.3724657629035793e+27
1600000000000000.0 4.389360887213945e+27
1591511936339522.5 4.2997326661451337e+27
1583113456464380.0 4.248808662832574e+27
1574803149606299.2 4.3027756804738626e+27
1566579634464752.0 4.2531069316778455e+27
1558441558441558.2 4.200299058425523e+27
1550387596899224.8 4.2496257410462887e+27
1542416452442159.2 4.2676417643253797e+27
1534526854219948.8 4.168715611918333e+27
1525165226232841.8 4.22685612193027e+27
1518218623481781.5 4.2552259496926214e+27
1512096774193548.2 4.1922973725950994e+27
1503759398496240.5 4.153981378319271e+27
1496259351620947.5 4.1738563610651433e+27
1488833746898263.0 4.1621607194764414e+27
1481481481481481.5 4.175791446670872e+27
1474201474201474.2 4.11261042814855e+27
1466992665036674.8 4.108046680922303e+27
1459854014598540.0 3.975231248969693e+27
1452784503631961.2 4.0518079969926495e+27
1446480231436837.0 4.1644365489750104e+27
1443695861405197.2 4.105346626099224e+27
1438848920863309.5 4.115104458574845e+27
1431980906921241.0 4.0629997900512636e+27
1425178147268408.5 4.0783354617904655e+27
1418439716312056.8 4.07896039671624e+27
1411764705882353.0 4.073489620629003e+27
1405152224824356.0 4.0393780761751927e+27
1398601398601398.8 4.015072006301774e+27
1392111368909512.8 4.0309117886145787e+27
1385681293302540.2 3.99405965024995e+27
1379310344827586.2 3.986917672791344e+27
1372997711670480.5 3.959511675281177e+27
1366742596810934.0 3.973724870012118e+27
1360544217687074.8 3.9508080762945884e+27
1354401805869074.5 3.917925796284206e+27
1348314606741573.0 3.902283125448082e+27
1342281879194630.8 3.9078132420676647e+27
1336302895322939.8 3.889389486905805e+27
1330376940133037.8 3.8595959117608936e+27
1324503311258278.2 3.8676321170106047e+27
1318681318681318.8 3.864484300091389e+27
1312910284463895.0 3.8587900862434675e+27
1307189542483660.0 3.808764538852018e+27
1301518438177874.2 3.8148775693971194e+27
1295896328293736.5 3.801462721423809e+27
1290322580645161.2 3.678448327527746e+27
1284796573875803.0 3.764198480791263e+27
1279317697228145.0 3.7495093367260876e+27
1273885350318471.2 3.7575136610531374e+27
1268498942917547.5 3.730190703821055e+27
1263157894736842.0 3.7249116233166554e+27
1257861635220125.8 3.683795491520915e+27
1252609603340292.2 3.7036486547653925e+27
1247401247401247.2 3.687048977805299e+27
1242236024844720.5 3.680806739597299e+27
1237113402061855.8 3.685464490789895e+27
1232032854209445.8 3.661395777739047e+27
1226993865030674.8 3.6676380712819337e+27
1221995926680244.2 3.655373324488543e+27
1217038539553752.5 3.6438676337091516e+27
1212121212121212.0 3.6280156502655674e+27
1207243460764587.5 3.627951991410179e+27
1202404809619238.5 3.5023524272016687e+27
1197604790419161.5 3.612552819602406e+27
1193792280143255.2 3.5563436680247195e+27
1191421763304209.5 3.5926937364759287e+27
1188118811881188.0 3.582873791433237e+27
1183431952662722.0 3.5747417506310734e+27
1178781925343811.2 3.55675801318478e+27
1174168297455968.8 3.5640234610389634e+27
1169590643274853.8 3.554540641473959e+27
1165048543689320.2 3.5603542520591763e+27
1160541586073501.0 3.5509931958561374e+27
1156069364161849.8 3.54106150114895e+27
1151631477927063.5 3.526258942720936e+27
1147227533460803.0 3.51675514649529e+27
1142857142857143.0 3.517445367581337e+27
1138519924098671.8 3.5135002144227534e+27
1134215500945179.5 3.527443757887484e+27
1129943502824858.8 3.5193932448733185e+27
1125703564727954.9 3.49448493073051e+27
1121495327102803.9 3.494590709548173e+27
1117318435754189.9 3.49363335539882e+27
1113172541743970.2 3.4711732021045406e+27
1109057301293900.2 3.472908043955439e+27
1104972375690607.6 3.4580272646871547e+27
1100917431192660.6 3.4485121344862207e+27
1096892138939670.9 3.4527362674062926e+27
1092896174863388.1 3.425180342193576e+27
1088929219600726.0 3.419731050104159e+27
1084990958408679.9 3.416166397889207e+27
1081081081081081.1 3.427399430230466e+27
1077199281867145.4 3.4181344728268096e+27
1073345259391771.1 3.3668391590307374e+27
1069518716577540.1 3.3839542000012436e+27
1065719360568383.5 3.4067914109814547e+27
1061946902654867.2 3.3954367869469253e+27
1058201058201058.1 3.376096655747117e+27
1054481546572935.0 3.3746076503738145e+27
1050788091068301.2 3.3679913733581185e+27
1047120418848167.6 3.375732289819038e+27
1043478260869565.2 3.369104201850582e+27
1039861351819757.2 3.3715560214186335e+27
1036269430051813.5 3.367021436719834e+27
1030927835051546.4 3.37625097997748e+27
1023890784982935.2 3.3677045679102924e+27
1016949152542373.0 3.3565473437049946e+27
1010101010101010.0 3.361566011068205e+27
1003344481605351.1 3.359163339355393e+27
996677740863787.4 3.3600963933573095e+27
990099009900990.1 3.360036555228225e+27
983606557377049.2 3.3583690892894165e+27
977198697068404.0 3.359506581468578e+27
970873786407767.1 3.358734723357694e+27
964630225080385.8 3.3596924494326233e+27
958466453674121.4 3.3578200682543845e+27
952380952380952.4 3.3620940096650245e+27
946372239747634.1 3.363003116032882e+27
940438871473354.2 3.356372169970221e+27
934579439252336.5 3.3762050107465445e+27
928792569659442.6 3.369099133091097e+27
923076923076923.0 3.3743137934692036e+27
917431192660550.5 3.378969336090998e+27
911854103343465.0 3.3844690050146343e+27
906344410876133.0 3.392147535191509e+27
900900900900901.0 3.3949799383988436e+27
895522388059701.4 3.3978825205054204e+27
890207715133531.1 3.4067365268533655e+27
884955752212389.4 3.4161595161151503e+27
879765395894428.1 3.4301057005386917e+27
874635568513119.6 3.3370059834083375e+27
869565217391304.4 3.3473177110612095e+27
864553314121037.4 3.3594462341043663e+27
859598853868194.8 3.3703856667618366e+27
854700854700854.6 3.3823066401352493e+27
849858356940509.9 3.391627563269595e+27
845070422535211.2 3.4033408878759885e+27
840336134453781.5 3.4128341003092795e+27
835654596100278.5 3.4185162009346477e+27
831024930747922.4 3.431888339214776e+27
826446280991735.5 3.4433565526400813e+27
824175824175824.2 3.450654780077856e+27
821917808219178.1 2.3952148423911505e+27
817438692098092.6 2.3771734647105594e+27
813008130081300.9 2.3955292474059871e+27
808625336927223.8 2.4942303790458323e+27
804289544235924.9 2.498310474997118e+27
800000000000000.0 2.629730726014857e+27
795755968169761.2 2.633973769367346e+27
791556728232190.0 2.717047088991087e+27
787401574803149.6 2.8051668412179857e+27
783289817232376.0 2.627824111785879e+27
779220779220779.1 2.83765899334483e+27
775193798449612.4 2.8628637225574053e+27
771208226221079.6 2.5797519412601277e+27
767263427109974.4 2.8506392466929276e+27
763358778625954.2 2.7855043821754735e+27
759493670886076.0 2.818921204809267e+27
755667506297229.1 2.49735199218193e+27
751879699248120.2 2.80888873678662e+27
748129675810473.8 2.8225230062221844e+27
744416873449131.5 2.7917648669717946e+27
740740740740740.8 2.8080755732673945e+27
737100737100737.1 2.7803377971345524e+27
733496332518337.4 2.702809030469562e+27
729927007299270.0 2.5237270872124213e+27
726392251815980.6 2.737844944463269e+27
722891566265060.2 2.7461543197602503e+27
719424460431654.8 2.737605440169366e+27
715990453460620.5 2.73078048892725e+27
712589073634204.2 2.7212781647990154e+27
709219858156028.4 2.7087534659897837e+27
705882352941176.5 2.6963521122631745e+27
702576112412178.0 2.6770377496106934e+27
699300699300699.4 2.670320129915184e+27
696055684454756.4 2.637687162180519e+27
692840646651270.1 2.5483233755295105e+27
689655172413793.1 2.4273212569686716e+27
686498855835240.2 2.6294300338584604e+27
683371298405467.0 2.610163941591751e+27
680272108843537.4 2.612196987165258e+27
677200902934537.2 2.6088325095708784e+27
674157303370786.5 2.601709287226922e+27
671140939597315.4 2.568998150142557e+27
668151447661469.9 2.578941122648799e+27
665188470066518.9 2.582687312341283e+27
662251655629139.1 2.563451761001629e+27
659340659340659.4 2.546546076541651e+27
656455142231947.5 2.554707279053915e+27
653594771241830.0 2.534744073811776e+27
650759219088937.1 2.5377602821135435e+27
647948164146868.2 2.522613568234717e+27
645161290322580.6 2.513359722419042e+27
642398286937901.5 2.522101186300952e+27
639658848614072.5 2.5253084428482193e+27
636942675159235.6 2.4831934815116626e+27
634249471458773.8 2.484568797101909e+27
631578947368421.0 2.476486498073901e+27
628930817610062.9 2.4700486281958353e+27
626304801670146.1 2.4600830692665158e+27
623700623700623.6 2.4478730898406554e+27
621118012422360.2 2.432892988502936e+27
618556701030927.9 2.348508965666848e+27
616016427104722.9 2.2053456519321915e+27
613496932515337.4 2.4020191392247631e+27
610997963340122.1 2.4027673921620075e+27
608519269776876.2 2.3778945079923216e+27
606060606060606.0 2.3897867184267447e+27
603621730382293.8 2.3848524949726666e+27
601202404809619.2 2.366136726140004e+27
598802395209580.8 2.338859841253703e+27
596421471172962.2 2.3510654284382836e+27
594059405940594.0 2.3362079717166358e+27
591715976331361.0 2.3406402230225208e+27
589390962671905.6 2.3284896397826532e+27
587084148727984.4 2.3204945114958957e+27
584795321637426.9 2.307243735583178e+27
582524271844660.1 2.2959541096753504e+27
580270793036750.5 2.2838092702121176e+27
578034682080924.9 2.2792578591732012e+27
575815738963531.8 2.273914818597208e+27
573613766730401.5 2.266115926212694e+27
571428571428571.5 2.264421929452226e+27
569259962049335.9 2.2426937652558026e+27
567107750472589.8 2.2511793137769598e+27
564971751412429.4 2.2419596262176976e+27
562851782363977.44 2.2289645598772168e+27
560747663551401.94 2.2314456287842447e+27
558659217877094.94 2.2235009363830596e+27
556586270871985.1 2.214401034439281e+27
554528650646950.1 2.2038055654696304e+27
552486187845303.8 2.1982566946998546e+27
550458715596330.3 2.1961487365282493e+27
548446069469835.44 2.185663994315116e+27
546448087431694.06 2.178730103944906e+27
544464609800363.0 2.171110576402542e+27
542495479204339.94 2.1649556689874517e+27
540540540540540.56 2.1609499662624835e+27
538599640933572.7 2.1514394886329716e+27
536672629695885.56 2.142803569008576e+27
534759358288770.06 2.13936293756287e+27
532859680284191.75 2.1322863904244313e+27
530973451327433.6 2.1236142989576632e+27
529100529100529.06 2.1132693928879223e+27
527240773286467.5 2.1104413044561005e+27
525394045534150.6 2.09841296935922e+27
523560209424083.8 2.102315969167062e+27
521739130434782.6 2.0939891866769053e+27
519930675909878.6 2.0945964907629145e+27
518134715025906.75 2.0933212046910628e+27
516351118760757.3 2.0962400300241833e+27
514579759862778.75 2.0926464199887097e+27
512820512820512.8 2.083581426800662e+27
511073253833049.44 2.0637873578939766e+27
509337860780984.75 2.0638082056003632e+27
507614213197969.5 2.067396168411606e+27
505902192242833.06 2.0633273361939497e+27
504201680672268.9 2.0586033574054846e+27
502512562814070.4 2.0576779680963425e+27
500834724540901.5 2.0509845556883078e+27
499168053244592.3 2.0465751159254017e+27
497512437810945.3 2.044529444918176e+27
495867768595041.3 2.0429582647074904e+27
494233937397034.6 2.0392296047681017e+27
492610837438423.6 2.0324193945163224e+27
490998363338788.94 2.0279683172089895e+27
489396411092985.3 2.019992208616224e+27
487804878048780.44 2.0155750642591934e+27
486223662884927.06 2.0128855090457767e+27
484652665589660.75 2.015858495783918e+27
483091787439613.56 2.0128524735048588e+27
481540930979133.25 2.004632830231562e+27
479999999999999.94 1.9929150183860562e+27
478468899521531.1 2.001261437275267e+27
476947535771065.2 1.9990793644614402e+27
475435816164817.75 1.9907533891812218e+27
473933649289099.5 1.9912517262886093e+27
472440944881889.8 1.9855288228504244e+27
470957613814756.7 1.9827940634856134e+27
469483568075117.3 1.9828983966102606e+27
468018720748829.94 1.9765818554069622e+27
466562986003110.4 1.9757440882309672e+27
465116279069767.44 1.9714155351104275e+27
463678516228748.06 1.9704585636749366e+27
462249614791987.7 1.9621316305696212e+27
460829493087557.6 1.9632731285926225e+27
459418070444104.1 1.9594992781674895e+27
458015267175572.56 1.9234962558013897e+27
456621004566210.06 1.802849544068078e+27
455235204855842.2 1.9441491261475239e+27
453857791225416.06 1.950031668017873e+27
452488687782805.4 1.9500053464219442e+27
451127819548872.2 1.9471617777414062e+27
449775112443778.06 1.939949448267388e+27
448430493273542.6 1.940934952082542e+27
447093889716840.5 1.9387141747250563e+27
445765230312035.7 1.9387815300381412e+27
444444444444444.44 1.934489117539757e+27
443131462333825.7 1.9334194473918345e+27
441826215022091.3 1.9294711703464655e+27
440528634361233.44 1.927626859442869e+27
439238653001464.1 1.925618069724568e+27
437956204379562.06 1.9207015562526227e+27
436681222707423.56 1.9206234158915863e+27
435413642960812.75 1.9197611077353112e+27
434153400868306.75 1.916526550150818e+27
432900432900432.94 1.9133975542608912e+27
431654676258992.8 1.9091864986114664e+27
430416068866571.06 1.9082896792592074e+27
429184549356223.2 1.9054743050524583e+27
427960057061340.94 1.8993927729556362e+27
426742532005689.94 1.9002003568747758e+27
425531914893617.0 1.899227452810292e+27
424328147100424.4 1.890503879324358e+27
423131170662905.5 1.8953578383365047e+27
421940928270042.25 1.8919425591183738e+27
420757363253856.94 1.8885470324451604e+27
419580419580419.56 1.885692305207179e+27
418410041841004.2 1.8840700965342189e+27
417246175243393.56 1.8774852166432803e+27
416088765603328.75 1.8780591860961527e+27
414937759336099.56 1.8751470883092793e+27
413793103448275.8 1.8760083126626636e+27
412654745529573.6 1.8738186925301683e+27
411522633744855.94 1.8650642689374912e+27
410396716826265.44 1.866824531432461e+27
409276944065484.3 1.866322511619198e+27
408163265306122.5 1.8645044466620486e+27
407055630936227.94 1.8650639214383415e+27
405953991880920.1 1.8600628634885833e+27
404858299595141.7 1.8545782459527882e+27
403768506056527.56 1.8555658571597414e+27
402684563758389.3 1.8546898309082975e+27
401606425702811.25 1.8530619943055092e+27
400534045393858.44 1.8505140238432936e+27
399467376830892.1 1.8497311884355974e+27
398406374501992.0 1.8494334048545143e+27
397350993377483.44 1.8492798967508147e+27
396301188903566.7 1.8464625524480675e+27
395256916996047.44 1.844600394024614e+27
394218134034165.56 1.843733126766414e+27
393184796854521.6 1.8419923457544953e+27
392156862745098.06 1.839634796386167e+27
391134289439374.2 1.834085059793776e+27
390117035110533.2 1.837009595764459e+27
389105058365758.75 1.8311650949983213e+27
388098318240620.94 1.8320517334955193e+27
387096774193548.4 1.8292040332429502e+27
386100386100386.06 1.8233950978767043e+27
385109114249037.25 1.8282840085102757e+27
384122919334186.94 1.8269253963886627e+27
383141762452107.3 1.8236532686566825e+27
382165605095541.4 1.820572837057464e+27
381194409148665.8 1.8191487401621225e+27
380228136882129.3 1.8139393065320972e+27
379266750948166.9 1.8108051137266786e+27
378310214375788.2 1.8089023372872582e+27
377358490566037.75 1.8058139456225443e+27
376411543287327.5 1.8098200202427097e+27
375469336670838.56 1.8066012396853788e+27
374531835205992.5 1.809438294795639e+27
373599003735990.06 1.8086304396454587e+27
372670807453416.1 1.8060530630003218e+27
371747211895910.8 1.8054098797634339e+27
370828182941903.56 1.8017967055350072e+27
369913686806411.8 1.801442704120952e+27
369003690036900.4 1.8009424563054444e+27
368098159509202.44 1.7988459087336034e+27
367197062423500.6 1.7978889298676132e+27
366300366300366.3 1.7928607054958617e+27
365408038976857.5 1.4385834493747526e+27
364520048602673.1 1.4377666833569674e+27
363636363636363.6 1.4366356604729916e+27
362756952841596.1 1.4322200999863e+27
361881785283474.06 1.4259286873001847e+27
361010830324909.75 1.4172641211425162e+27
360144057623049.2 1.4112330803568638e+27
359281437125748.5 1.4184423724164637e+27
358422939068100.4 1.4083469619483065e+27
357568533969010.7 1.4149877072758864e+27
356718192627824.0 1.4202367193519835e+27
355871886120996.44 1.4339826426337387e+27
355029585798816.56 1.433052704832836e+27
354191263282172.4 1.4088201867648884e+27
353356890459363.94 1.454601817128179e+27
352526439482961.25 1.3941126419764033e+27
351699882766705.75 1.4596099243736968e+27
350877192982456.1 1.3524803833740195e+27
350058343057176.2 1.4722121212984246e+27
349243306169965.1 1.4304908128338053e+27
348432055749128.94 1.416560241069193e+27
347624565469293.1 1.4726866051746416e+27
346820809248554.94 1.454390269300058e+27
346020761245674.75 1.342693666137056e+27
345224395857307.25 1.4593460877327348e+27
344431687715269.8 1.4705339494728285e+27
343642611683848.75 1.459040115323935e+27
342857142857142.9 1.3704236704891314e+27
342075256556442.4 1.4473978794399164e+27
341296928327645.06 1.4648275364683243e+27
340522133938706.0 1.4620780666808182e+27
339750849377123.44 1.4576731438992502e+27
338983050847457.6 1.4309197786254122e+27
338218714768883.9 1.3632515022785206e+27
337457817772778.44 1.4504817444973975e+27
336700336700336.7 1.4556740947772255e+27
335946248600224.0 1.4538234277764204e+27
335195530726257.0 1.453867458310325e+27
334448160535117.06 1.4518228632325274e+27
333704115684093.44 1.4423083863708546e+27
332963374028856.8 1.3600921287689035e+27
332225913621262.44 1.407194878740524e+27
331491712707182.3 1.4429321288890924e+27
330760749724366.06 1.438412072468305e+27
330033003300330.06 1.4335951125890137e+27
329308452250274.44 1.439545841290715e+27
328587075575027.4 1.4405896835389383e+27
327868852459016.4 1.4396301498685474e+27
327153762268266.1 1.436572063531428e+27
326441784548422.2 1.4335728520718996e+27
325732899022801.3 1.4152331919347313e+27
325027085590465.9 1.3298484374395136e+27
324324324324324.3 1.407415114728502e+27
323624595469255.7 1.421111695302339e+27
322927879440258.3 1.4278091910788873e+27
322234156820623.0 1.427638026361081e+27
321543408360128.6 1.427552315424031e+27
320855614973262.0 1.4257125318716673e+27
320170757737460.0 1.4231082195828456e+27
319488817891373.8 1.4221975619879698e+27
318809776833156.25 1.413344366374025e+27
318133616118769.9 1.4182151838521538e+27
317460317460317.5 1.4158340814476014e+27
316789862724392.8 1.4146164476449877e+27
316122233930453.1 1.413810393894138e+27
315457413249211.4 1.4076665125439233e+27
314795383001049.3 1.3905433950637358e+27
314136125654450.25 1.3139096080312242e+27
313479623824451.44 1.3937427485814515e+27
312825860271115.75 1.404610658516747e+27
312174817898022.9 1.4027669355180037e+27
311526479750778.8 1.4000105859254658e+27
310880829015544.0 1.4006298314319243e+27
310237849017580.1 1.3980467474203607e+27
309597523219814.25 1.3996720793390598e+27
308959835221421.2 1.3978069809264202e+27
308324768756423.44 1.3972509894097217e+27
307692307692307.7 1.394883627252118e+27
307062436028659.2 1.3947227107211468e+27
306435137895812.0 1.3924644902603362e+27
305810397553516.8 1.392697384676404e+27
305188199389623.6 1.3916364038522855e+27
304568527918781.7 1.3898604804078175e+27
303951367781155.0 1.3881393025361043e+27
303336703741152.7 1.3859939306377302e+27
302724520686175.6 1.385562287905915e+27
302114803625377.6 1.384481772145756e+27
301507537688442.2 1.3837413108877017e+27
300902708124373.1 1.3826079886977123e+27
300300300300300.25 1.3807966405165422e+27
299251870324189.56 1.3589000288605167e+27
297766749379652.56 1.3453920432579596e+27
296296296296296.3 1.378601697943524e+27
294840294840294.8 1.3707163120429752e+27
293398533007335.0 1.3661719953173203e+27
291970802919708.06 1.364496438280211e+27
290556900726392.25 1.3577783076087046e+27
289156626506024.06 1.3564536422950247e+27
287769784172661.9 1.355410583930206e+27
286396181384248.25 1.3499783652765478e+27
285035629453681.7 1.349220571690746e+27
283687943262411.3 1.3462617208156802e+27
282352941176470.56 1.342940040423873e+27
281030444964871.22 1.335317413877481e+27
279720279720279.75 1.3365134911077777e+27
278422273781902.53 1.333193854130835e+27
277136258660508.1 1.329396574354585e+27
275862068965517.25 1.3278141013579253e+27
274599542334096.12 1.2899463160765637e+27
273348519362186.78 1.31582399894488e+27
272108843537414.97 1.323353717033562e+27
270880361173814.9 1.3225625320805512e+27
269662921348314.62 1.31919435605409e+27
268456375838926.16 1.316266441146143e+27
267260579064587.97 1.3154412141318348e+27
266075388026607.53 1.3090669138588136e+27
264900662251655.62 1.3071191177951467e+27
263736263736263.75 1.3064462780182323e+27
262582056892778.97 1.3023603409822936e+27
261437908496732.03 1.3041998132940237e+27
260303687635574.84 1.302118812321304e+27
259179265658747.3 1.299513347785594e+27
258064516129032.25 1.295849807078795e+27
256959314775160.6 1.292892820365812e+27
255863539445629.0 1.2939409220995745e+27
254777070063694.28 1.286324604757598e+27
253699788583509.53 1.286000223599944e+27
252631578947368.4 1.281108704076991e+27
251572327044025.16 1.2854805819111435e+27
250521920668058.47 1.276350019811383e+27
249480249480249.5 1.2792308236036206e+27
248447204968944.1 1.2756543787615204e+27
247422680412371.12 1.274448351369236e+27
246406570841889.12 1.2739919536124218e+27
245398773006134.97 1.2716174555737549e+27
244399185336048.9 1.268678987348215e+27
243407707910750.5 1.2671341663861566e+27
242424242424242.44 1.2649377701375224e+27
241448692152917.5 1.2632274085395415e+27
240480961923847.72 1.2613042348100507e+27
239520958083832.3 1.2584159504981836e+27
238568588469184.88 1.255927970822992e+27
237623762376237.62 1.2540114989053945e+27
236686390532544.4 1.252202830945298e+27
235756385068762.25 1.2509338001811373e+27
234833659491193.72 1.246007231591292e+27
233918128654970.75 1.2127282456743882e+27
233009708737864.1 1.2422620574142049e+27
232108317214700.22 1.2411373603392115e+27
231213872832369.94 1.2400336723500742e+27
230326295585412.66 1.2379246453602232e+27
229445506692160.62 1.2365513056803712e+27
228571428571428.6 1.233097364216303e+27
227703984819734.34 1.2303537380129392e+27
226843100189035.9 1.2299008642694348e+27
225988700564971.75 1.2256255468550651e+27
225140712945591.0 1.2251610480259943e+27
224299065420560.75 1.2226617522670176e+27
223463687150837.97 1.2219046964014284e+27
222634508348794.06 1.219568765282018e+27
221811460258780.03 1.2171477282664772e+27
220994475138121.56 1.2130771487127888e+27
220183486238532.1 1.211272248438291e+27
219378427787934.2 1.2097995406990713e+27
218579234972677.6 1.2065447979701913e+27
217785843920145.2 1.2056519706116929e+27
216998191681735.97 1.2037852711481273e+27
216216216216216.22 1.2011983552595197e+27
215439856373429.1 1.1998008160029193e+27
214669051878354.22 1.1980429239301992e+27
213903743315508.03 1.1939729427719051e+27
213143872113676.72 1.1934536370666886e+27
212389380530973.44 1.1896402737945674e+27
211640211640211.66 1.1890630410770865e+27
210896309314587.0 1.1843860824475864e+27
210157618213660.22 1.1814109154066124e+27
209424083769633.5 1.1815116454230245e+27
208695652173913.03 1.1803327353190311e+27
207972270363951.47 1.1710633488553589e+27
207253886010362.72 1.1749675975000735e+27
206540447504302.9 1.1688829596758522e+27
205902539464653.4 1.1692512660261233e+27
205198358413132.72 9.995936544925458e+26
204429301533219.78 9.998042191196874e+26
203735144312393.88 9.966653323928874e+26
203045685279187.8 9.960100587081195e+26
202360876897133.22 9.941184851170436e+26
201680672268907.56 9.900626886875208e+26
201005025125628.16 9.92058825211125e+26
200333889816360.6 9.909058843269361e+26
199667221297836.94 9.853663034409163e+26
199004975124378.12 9.856514993940608e+26
198347107438016.53 9.889617891279077e+26
197693574958813.8 9.902301486573998e+26
197044334975369.47 9.952526620596446e+26
196399345335515.56 9.863730165962273e+26
195758564437194.12 9.876196260127987e+26
195121951219512.2 9.956323384245318e+26
194489465153970.8 9.845303093443872e+26
193861066235864.28 9.959557898553298e+26
193236714975845.4 9.955474469795913e+26
192616372391653.3 9.776082455737627e+26
192000000000000.0 9.978351474032331e+26
191387559808612.44 9.894727637016526e+26
190779014308426.06 9.798510300754299e+26
190174326465927.1 9.894582663025964e+26
189573459715639.8 9.915764019634751e+26
188976377952755.9 9.666654870409911e+26
188383045525902.66 9.897092454811584e+26
187793427230046.97 9.907189702829757e+26
186915887850467.28 9.877767934706419e+26
185758513931888.53 9.76705871752233e+26
184615384615384.62 9.868825637226836e+26
183486238532110.1 9.832733291385866e+26
182370820668693.03 9.679001337068093e+26
181268882175226.6 9.808322599096613e+26
180180180180180.2 9.758368653940952e+26
179104477611940.28 9.713335017739451e+26
178041543026706.25 9.576538427708891e+26
176991150442477.88 9.70036666158894e+26
175953079178885.62 9.63912277399824e+26
174927113702623.9 9.632011535580618e+26
173913043478260.88 9.58797612879227e+26
172910662824207.5 9.421232108618525e+26
171919770773638.97 9.524882083176617e+26
170940170940170.94 9.510930034706992e+26
169971671388101.97 9.485673340856587e+26
169014084507042.25 9.458569516262883e+26
168067226890756.28 9.436809458763571e+26
167130919220055.72 9.418194414773217e+26
166204986149584.47 9.379790917996989e+26
165289256198347.1 9.245959867350088e+26
164383561643835.6 9.313319089892523e+26
163487738419618.53 9.308953961513117e+26
162601626016260.16 9.275802354466593e+26
161725067385444.75 9.272067256230986e+26
160857908847185.0 9.268008375066156e+26
160000000000000.0 9.100836022978557e+26
159151193633952.25 9.183991103698829e+26
158311345646438.0 9.125930854685777e+26
157480314960629.94 9.139842360553399e+26
156657963446475.22 9.112264173750172e+26
155844155844155.8 9.090132485734099e+26
155038759689922.47 9.050669036922624e+26
154241645244215.94 8.918831449844098e+26
153452685421994.9 9.008080711176248e+26
152671755725190.84 8.988223328462093e+26
151898734177215.2 8.958245193234773e+26
151133501259445.84 8.940046289501979e+26
150375939849624.06 8.916092087474649e+26
149625935162094.78 8.90199813976476e+26
148883374689826.28 8.88216519691077e+26
148148148148148.16 8.845223282048554e+26
147420147420147.4 8.816121613554253e+26
146699266503667.5 8.8087720163354e+26
145985401459854.03 8.77914855036316e+26
145278450363196.12 8.748605981266643e+26
144578313253012.03 8.727401327920128e+26
143884892086330.94 8.70383929802443e+26
143198090692124.12 8.669954132358994e+26
142517814726840.84 8.653522866639296e+26
141843971631205.66 8.621235105794672e+26
141176470588235.28 8.596202034367702e+26
140515222482435.61 8.574020232548179e+26
139860139860139.88 8.549945340778157e+26
139211136890951.27 8.521642177262273e+26
138568129330254.05 8.403197031575202e+26
137931034482758.62 8.457212983733923e+26
137299771167048.06 8.439595422236127e+26
136674259681093.39 8.4166214472523e+26
136054421768707.48 8.374443037866834e+26
135440180586907.45 8.352494655109762e+26
134831460674157.31 8.32029598155021e+26
134228187919463.08 8.292467922300184e+26
133630289532293.98 8.26497293913427e+26
133037694013303.77 8.23003794793854e+26
132450331125827.81 8.20172414021751e+26
131868131868131.88 8.174694798072431e+26
131291028446389.48 7.277817385379591e+26
130718954248366.02 7.13730284831774e+26
130151843817787.42 7.207598807106025e+26
129589632829373.66 7.206439351053639e+26
129032258064516.12 7.077740894674291e+26
128479657387580.3 7.150929807418809e+26
127931769722814.5 7.158374896141052e+26
127388535031847.14 7.034618797566754e+26
126849894291754.77 7.109859775572594e+26
126315789473684.2 7.120098032094486e+26
125786163522012.58 7.013511477342448e+26
125260960334029.23 7.078476275156559e+26
124740124740124.75 7.093146123596025e+26
124223602484472.05 7.006530477227116e+26
123711340206185.56 7.077864288019222e+26
123203285420944.56 7.072234888744412e+26
122699386503067.48 7.019666381054805e+26
122199592668024.45 7.045174235555161e+26
121703853955375.25 7.072331230083568e+26
121212121212121.22 7.043185906076531e+26
120724346076458.75 7.029452998412972e+26
120240480961923.86 7.027645487324106e+26
119760479041916.16 7.094376056380755e+26
119284294234592.44 7.023356672155073e+26
118811881188118.81 7.019101299577775e+26
118343195266272.2 7.068783372384305e+26
117878192534381.12 7.052357484867147e+26
117416829745596.86 7.04385738298588e+26
116959064327485.38 7.01105677768754e+26
116504854368932.05 7.062089415885503e+26
116054158607350.11 7.024086321657838e+26
115606936416184.97 7.044066862465393e+26
115163147792706.33 7.04440311667127e+26
114722753346080.31 6.993299558696871e+26
114285714285714.3 6.973284124377585e+26
113851992409867.17 7.037201464076865e+26
113421550094517.95 7.040444803768178e+26
112994350282485.88 7.027612329636333e+26
112570356472795.5 7.012989230996309e+26
112149532710280.38 6.989664301105502e+26
111731843575418.98 7.027928352502042e+26
111317254174397.03 7.018693609038586e+26
110905730129390.02 7.023009957321781e+26
110497237569060.78 7.019536120466516e+26
110091743119266.05 7.019751826143845e+26
109689213893967.1 7.005084955122261e+26
109289617486338.8 7.007666783898489e+26
108892921960072.6 6.965494468204624e+26
108499095840867.98 6.989224917548998e+26
108108108108108.11 6.991409176091408e+26
107719928186714.55 6.991319414109345e+26
107334525939177.11 6.991854301051436e+26
106951871657754.02 6.98561226374131e+26
106571936056838.36 6.982413168874239e+26
106194690265486.72 6.982736431566206e+26
105820105820105.83 6.976134926114267e+26
105448154657293.5 6.964713992725004e+26
105078809106830.11 6.95730384199478e+26
104712041884816.75 6.945731612564005e+26
104347826086956.52 6.900402809647794e+26
103986135181975.73 6.938736258524538e+26
103626943005181.36 6.933553666761037e+26
103270223752151.45 6.926455027185888e+26
102915951972555.75 6.919677649220371e+26
102564102564102.56 6.910516147664231e+26
102214650766609.89 6.907723674892739e+26
101867572156196.94 6.897144796491312e+26
101522842639593.9 6.89086458821035e+26
101180438448566.61 6.884590935035977e+26
100840336134453.78 6.876582938871754e+26
100502512562814.08 6.868587200261739e+26
100166944908180.3 6.859972879161765e+26
99833610648918.47 6.851216601234605e+26
99502487562189.06 6.843738050675261e+26
99173553719008.27 6.833756551512642e+26
98846787479406.9 6.788536166783905e+26
98522167487684.73 6.803358228940595e+26
98199672667757.78 6.806301362530172e+26
97879282218597.06 6.797351101615282e+26
97560975609756.1 6.796244358455423e+26
97244732576985.4 6.802351694378817e+26
96930533117932.14 6.792037139296954e+26
96618357487922.7 6.770362997649998e+26
96308186195826.66 6.746908917527397e+26
96000000000000.0 6.738431046399601e+26
95693779904306.22 6.72874136686251e+26
95389507154213.03 6.718619480537808e+26
95087163232963.55 6.705134168707936e+26
94786729857819.9 6.694623751402244e+26
94488188976377.95 6.68322687808204e+26
94191522762951.33 6.672177919410381e+26
93896713615023.48 6.661169276405357e+26
93457943925233.64 6.642152003886305e+26
92879256965944.27 6.617802315595293e+26
92307692307692.31 6.592277297578274e+26
91743119266055.05 6.566050983841388e+26
91185410334346.52 6.0221357513583365e+26
90634441087613.3 6.040108399845504e+26
90090090090090.1 6.04334255802399e+26
89552238805970.14 6.0479523294339086e+26
89020771513353.12 6.049626285499859e+26
88495575221238.94 6.051431779929969e+26
87976539589442.81 6.0535133326220115e+26
87463556851311.95 6.058386629645512e+26
86956521739130.44 6.0613161306988054e+26
86455331412103.75 6.064258349959416e+26
85959885386819.48 6.066519517902369e+26
85470085470085.47 6.068941876903187e+26
84985835694050.98 6.070691396149743e+26
84507042253521.12 6.073030348233285e+26
84033613445378.14 6.07176811927151e+26
83565459610027.86 6.079496915271139e+26
83102493074792.23 6.074676416985089e+26
82644628099173.55 6.0831986016338115e+26
82191780821917.8 6.074275341250418e+26
81743869209809.27 6.083603117659297e+26
81300813008130.08 6.0725552885469594e+26
80862533692722.38 6.081581967166108e+26
80428954423592.5 6.077520170681559e+26
80000000000000.0 6.059702188224623e+26
79575596816976.12 6.0827707050693104e+26
79155672823219.0 6.082570694631338e+26
78740157480314.97 6.07503377267235e+26
78328981723237.61 6.07709874624434e+26
77922077922077.9 6.079812757007916e+26
77519379844961.23 6.07674028460276e+26
77120822622107.97 6.073764486866951e+26
76726342710997.45 6.061530015889118e+26
76335877862595.42 6.069373247012809e+26
75949367088607.6 6.0651694185654606e+26
75566750629722.92 6.062053415396687e+26
75187969924812.03 6.055005425936443e+26
74812967581047.39 6.0483580214786934e+26
74441687344913.14 6.0426694461191144e+26
74074074074074.08 6.035576955843487e+26
73710073710073.7 6.0386180904972114e+26
73349633251833.75 6.031917060326141e+26
72992700729927.02 6.025906504199825e+26
72639225181598.06 6.018369509724502e+26
72289156626506.02 6.010006458473091e+26
71942446043165.47 5.9912970869041934e+26
71599045346062.06 5.993310680901756e+26
71258907363420.42 5.98581013079162e+26
70921985815602.83 5.9781867827209446e+26
70588235294117.64 5.965771366922541e+26
70257611241217.805 5.9562716330079394e+26
69930069930069.94 5.9243857635784785e+26
69605568445475.63 5.898658934292927e+26
69284064665127.02 5.901257127627588e+26
68965517241379.31 5.866475471769376e+26
68649885583524.03 5.8444227042582414e+26
68337129840546.695 5.8399319399617664e+26
68027210884353.74 5.803312057576199e+26
67720090293453.73 5.7985071594776155e+26
67415730337078.66 5.7794800273500485e+26
67114093959731.54 5.42417623433666e+26
66815144766146.99 5.471437306337917e+26
66518847006651.88 5.4969505363467545e+26
66225165562913.91 5.514487407136694e+26
65934065934065.94 5.555991064353749e+26
65645514223194.74 5.5893479385968e+26
65359477124183.01 5.605109694548108e+26
65075921908893.71 5.652240024667763e+26
64794816414686.83 5.680554453440289e+26
64516129032258.06 5.70616927616937e+26
64239828693790.15 5.741462153755333e+26
63965884861407.25 5.7831496508723574e+26
63694267515923.57 5.814341814185555e+26
63424947145877.38 5.859101570066637e+26
63157894736842.1 5.9014123952126054e+26
62893081761006.29 5.935475317991552e+26
62630480167014.62 5.9619698041170186e+26
62370062370062.375 5.9911321339669195e+26
62111801242236.02 6.035774512061444e+26
61855670103092.78 6.0683723726983566e+26
61601642710472.28 6.102062726858383e+26
61349693251533.74 6.141528386567819e+26
61099796334012.23 6.1750677882388e+26
60851926977687.625 6.2131606611927e+26
60606060606060.61 6.24969960338226e+26
60362173038229.375 6.289143768858099e+26
60120240480961.93 6.325135542539725e+26
59880239520958.08 6.366697224881896e+26
59642147117296.22 6.405229798200263e+26
59405940594059.41 6.440083547485425e+26
59171597633136.1 6.48059175531731e+26
58939096267190.56 6.521602281966817e+26
58708414872798.43 6.559044019068582e+26
58479532163742.69 6.59224706455888e+26
58252427184466.02 6.640078342062745e+26
58027079303675.055 6.68574535802465e+26
57803468208092.484 6.722850612666423e+26
57581573896353.164 6.763074817212239e+26
57361376673040.16 6.805062574421495e+26
57142857142857.15 6.84821445622724e+26
56925996204933.586 6.893979310363024e+26
56710775047258.98 6.929152017487794e+26
56497175141242.94 6.97072239322976e+26
56285178236397.75 7.014927119192971e+26
56074766355140.19 7.057425613816709e+26
55865921787709.49 7.100637090598824e+26
55658627087198.516 7.144079448609065e+26
55452865064695.01 7.1870931802042e+26
55248618784530.39 7.228170769542057e+26
55045871559633.02 7.275146611855018e+26
54844606946983.55 7.316837299074707e+26
54644808743169.4 7.36128164304467e+26
54446460980036.3 7.404264814948313e+26
54249547920433.99 7.454680038607747e+26
54054054054054.055 7.494017648466824e+26
53859964093357.27 7.546561847349872e+26
53667262969588.555 7.588088039142187e+26
53475935828877.01 7.632458784825043e+26
53285968028419.18 7.674066088360107e+26
53097345132743.36 7.722281713806627e+26
52910052910052.914 7.767206706503981e+26
52724077328646.75 7.81040003178744e+26
52539404553415.055 7.859609370754525e+26
52356020942408.375 7.905657389254732e+26
52173913043478.26 7.951964538255644e+26
51993067590987.87 7.997796906308963e+26
51813471502590.68 8.04666410410637e+26
51635111876075.73 8.092282026011904e+26
51457975986277.875 8.139652322281394e+26
51282051282051.28 8.187672773744747e+26
51107325383304.945 8.23388785756923e+26
50933786078098.47 8.282078353094263e+26
50761421319796.95 8.324223017400886e+26
50590219224283.305 8.37911463398715e+26
50420168067226.89 8.42699384540435e+26
50251256281407.04 8.476711599409345e+26
50083472454090.15 8.52476449579942e+26
49916805324459.234 8.573490861730063e+26
49751243781094.53 8.622304767929489e+26
49586776859504.13 8.670407205469634e+26
49423393739703.45 8.719992821889832e+26
49261083743842.37 8.769671600108798e+26
49099836333878.89 8.818833958626961e+26
48939641109298.53 8.869307134735525e+26
48780487804878.05 8.919673896128061e+26
48622366288492.7 8.970963162758885e+26
48465266558966.07 9.021111346964957e+26
48309178743961.35 9.072394897001504e+26
48154093097913.33 9.122520302978673e+26
48000000000000.0 9.172944798004338e+26
47846889952153.11 9.224308664879155e+26
47694753577106.516 9.275771382820365e+26
47543581616481.77 9.327117840838545e+26
47393364928909.95 9.379639897937961e+26
47244094488188.98 9.430966362704252e+26
47095761381475.664 9.484132438923667e+26
46948356807511.74 9.534994823309198e+26
46728971962616.82 9.614546438254711e+26
46439628482972.13 9.719944413143574e+26
46153846153846.16 9.826649336835192e+26
45871559633027.52 9.933773237107113e+26
45592705167173.26 1.0041544853596801e+27
45317220543806.65 1.014973548567555e+27
45045045045045.05 1.0259287576335259e+27
44776119402985.07 1.0369274003797114e+27
44510385756676.56 1.047969247071824e+27
44247787610619.47 1.0591028409958358e+27
43988269794721.41 1.0703048529373696e+27
43731778425655.98 1.0816007424019021e+27
43478260869565.22 1.0929918579329155e+27
43227665706051.875 1.1051664342343851e+27
42979942693409.74 1.1161166593231181e+27
42735042735042.734 1.1274128215378824e+27
42492917847025.49 1.1390116008148428e+27
42253521126760.56 1.1507088221562436e+27
42016806722689.07 1.1624791409586818e+27
41782729805013.93 1.1743772614946341e+27
41551246537396.12 1.1862962031908869e+27
41322314049586.77 1.1981797809471952e+27
41095890410958.9 1.210192523396756e+27
40871934604904.63 1.2223085935340971e+27
40650406504065.04 1.2345010649826403e+27
40431266846361.19 1.2468280263511284e+27
40214477211796.25 1.2591179063470898e+27
40000000000000.0 1.271338714034775e+27
39787798408488.06 1.2839007040759528e+27
39577836411609.5 1.296394430418957e+27
39370078740157.484 1.3089669703035136e+27
39164490861618.805 1.3216494651477618e+27
38961038961038.95 1.3343513385497748e+27
38759689922480.62 1.3471646138840323e+27
38560411311053.984 1.3599969652186013e+27
38363171355498.73 1.3729105786724352e+27
38167938931297.71 1.3859061991215683e+27
37974683544303.8 1.398952368393044e+27
37783375314861.46 1.4120814572810005e+27
37593984962406.016 1.425294233242614e+27
37406483790523.695 1.4385914732684672e+27
37220843672456.57 1.4519070996235683e+27
37037037037037.04 1.4652737959935632e+27
36855036855036.85 1.4786914272841114e+27
36674816625916.875 1.4922285766941367e+27
36496350364963.51 1.5058176398427898e+27
36319612590799.03 1.5194584893328352e+27
36144578313253.01 1.5331509979523292e+27
35971223021582.734 1.546930657658862e+27
35799522673031.03 1.5607982970592612e+27
35629453681710.21 1.5747184949715187e+27
35460992907801.414 1.5886911320751161e+27
35294117647058.82 1.6027160892111404e+27
35128805620608.902 1.616830475850817e+27
34965034965034.97 1.6309975962365298e+27
34802784222737.816 1.6452552182701214e+27
34642032332563.51 1.6595277897420772e+27
34482758620689.656 1.6739298369689936e+27
34324942791762.016 1.6883466115301075e+27
34168564920273.348 1.702816215061723e+27
34013605442176.87 1.717338536859663e+27
33860045146726.863 1.7319932257577678e+27
33707865168539.33 1.746661544070097e+27
33557046979865.77 1.7614234865926124e+27
33407572383073.496 1.7761981713860632e+27
33259423503325.94 1.7910669512539838e+27
33112582781456.953 1.806030750709127e+27
32967032967032.97 1.821090504656929e+27
32822757111597.37 1.8361203194124663e+27
32679738562091.504 1.8512032654330874e+27
32537960954446.855 1.866382215133434e+27
32397408207343.414 1.8816581187194518e+27
32258064516129.03 1.8969445773898868e+27
32119914346895.074 1.912328501048812e+27
31982942430703.625 1.927766469121747e+27
31847133757961.785 1.9432583874143374e+27
31712473572938.69 1.95880416183185e+27
31578947368421.05 1.9744491612275597e+27
31446540880503.145 1.990102726440634e+27
31315240083507.31 2.005902240409121e+27
31185031185031.188 2.0216635890836195e+27
31055900621118.01 2.0378067577603766e+27
30927835051546.39 2.0541029855363377e+27
30800821355236.14 2.069791785657724e+27
30674846625766.87 2.0855780858869936e+27
30549898167006.113 2.1016564300211738e+27
30425963488843.812 2.117788448749908e+27
30303030303030.305 2.1340231898561188e+27
30181086519114.688 2.1503121759313736e+27
30060120240480.965 2.166705211176644e+27
29940119760479.04 2.1831028084685855e+27
14999999999999.998 8.123977961796412e+27
7499999999999.999 2.885417941710319e+28
5000000000000.0 5.680038063498403e+28
3749999999999.9995 8.655232115760253e+28
3000000000000.0 1.1269606323471401e+29
2500000000000.0 1.298258687349549e+29
2142857142857.143 1.3253018879385565e+29
1874999999999.9998 1.1540077105668222e+29
