# k [Mpc^{-1}]             T(k) [Mpc^3]  
  1.000000000000000E-006   1.00000000000000     
  1.028016298126473E-006   1.00000000000000     
  1.056817509213658E-006   1.00000000000000     
  1.086425623617065E-006   1.00000000000000     
  1.116863247780561E-006   1.00000000000000     
  1.148153621496882E-006   1.00000000000000     
  1.180320635651730E-006   1.00000000000000     
  1.213388850464976E-006   1.00000000000000     
  1.247383514242943E-006   1.00000000000000     
  1.282330582656020E-006   1.00000000000000     
  1.318256738556407E-006   1.00000000000000     
  1.355189412351035E-006   1.00000000000000     
  1.393156802945303E-006   1.00000000000000     
  1.432187899273542E-006   1.00000000000000     
  1.472312502432719E-006   1.00000000000000     
  1.513561248436207E-006   1.00000000000000     
  1.555965631605075E-006   1.00000000000000     
  1.599558028614668E-006   1.00000000000000     
  1.644371723214932E-006   1.00000000000000     
  1.690440931643263E-006   1.00000000000000     
  1.737800828749376E-006  0.999999880790710     
  1.786487574852050E-006  0.999999880790710     
  1.836538343348347E-006  0.999999880790710     
  1.887991349096293E-006  0.999999880790710     
  1.940885877592779E-006  0.999999880790710     
  1.995262314968879E-006  0.999999880790710     
  2.051162178825567E-006  0.999999880790710     
  2.108628149933289E-006  0.999999880790710     
  2.167704104819696E-006  0.999999880790710     
  2.228435149270303E-006  0.999999880790710     
  2.290867652767775E-006  0.999999880790710     
  2.355049283896009E-006  0.999999880790710     
  2.421029046736180E-006  0.999999880790710     
  2.488857318282390E-006  0.999999880790710     
  2.558585886905648E-006  0.999999880790710     
  2.630267991895382E-006  0.999999880790710     
  2.703958364108846E-006  0.999999880790710     
  2.779713267759289E-006  0.999999880790710     
  2.857590543374949E-006  0.999999880790710     
  2.937649651961530E-006  0.999999761581421     
  3.019951720402019E-006  0.999999761581421     
  3.104559588128356E-006  0.999999761581421     
  3.191537855100758E-006  0.999999761581421     
  3.280952931131190E-006  0.999999761581421     
  3.372873086588692E-006  0.999999761581421     
  3.467368504525317E-006  0.999999761581421     
  3.564511334262439E-006  0.999999761581421     
  3.664375746478333E-006  0.999999761581421     
  3.767037989839093E-006  0.999999761581421     
  3.872576449216173E-006  0.999999642372131     
  3.981071705534969E-006  0.999999642372131     
  4.092606597300109E-006  0.999999642372131     
  4.207266283844438E-006  0.999999642372131     
  4.325138310350089E-006  0.999999642372131     
  4.446312674691084E-006  0.999999642372131     
  4.570881896148752E-006  0.999999523162842     
  4.698941086052151E-006  0.999999523162842     
  4.830588020397729E-006  0.999999523162842     
  4.965923214503358E-006  0.999999523162842     
  5.105049999754065E-006  0.999999403953552     
  5.248074602497723E-006  0.999999403953552     
  5.395106225151279E-006  0.999999403953552     
  5.546257129579105E-006  0.999999403953552     
  5.701642722807478E-006  0.999999284744263     
  5.861381645140284E-006  0.999999284744263     
  6.025595860743581E-006  0.999999284744263     
  6.194410750767811E-006  0.999999165534973     
  6.367955209079162E-006  0.999999165534973     
  6.546361740672747E-006  0.999999165534973     
  6.729766562843182E-006  0.999999046325684     
  6.918309709189363E-006  0.999999046325684     
  7.112135136533296E-006  0.999998927116394     
  7.311390834834172E-006  0.999998927116394     
  7.516228940182061E-006  0.999998807907104     
  7.726805850957021E-006  0.999998807907104     
  7.943282347242822E-006  0.999998688697815     
  8.165823713585922E-006  0.999998569488525     
  8.394599865193982E-006  0.999998569488525     
  8.629785477669701E-006  0.999998450279236     
  8.871560120379617E-006  0.999998271465302     
  9.120108393559096E-006  0.999998271465302     
  9.375620069258793E-006  0.999998211860657     
  9.638290236239705E-006  0.999998092651367     
  9.908319448927686E-006  0.999997913837433     
  1.018591388054117E-005  0.999997854232788     
  1.047128548050899E-005  0.999997735023499     
  1.076465213629835E-005  0.999997615814209     
  1.106623783977668E-005  0.999997496604919     
  1.137627285823431E-005  0.999997377395630     
  1.169499391019870E-005  0.999997138977051     
  1.202264434617413E-005  0.999997019767761     
  1.235947433444512E-005  0.999996721744537     
  1.270574105208542E-005  0.999996662139893     
  1.306170888131840E-005  0.999996364116669     
  1.342764961137864E-005  0.999996304512024     
  1.380384264602887E-005  0.999996006488800     
  1.419057521689093E-005  0.999995827674866     
  1.458814260275347E-005  0.999995589256287     
  1.499684835502374E-005  0.999995291233063     
  1.541700452949559E-005  0.999995112419128     
  1.584893192461114E-005  0.999994754791260     
  1.629296032639722E-005  0.999994456768036     
  1.674942876026438E-005  0.999994099140167     
  1.721868574986006E-005  0.999993860721588     
  1.770108958317422E-005  0.999993562698364     
  1.819700858609983E-005  0.999993205070496     
  1.870682140365802E-005  0.999992668628693     
  1.923091728910158E-005  0.999992311000824     
  1.976969640111862E-005  0.999991834163666     
  2.032357010936221E-005  0.999991416931152     
  2.089296130854041E-005  0.999990880489349     
  2.147830474130533E-005  0.999990403652191     
  2.208004733018902E-005  0.999989807605743     
  2.269864851883821E-005  0.999989330768585     
  2.333458062281005E-005  0.999988734722137     
  2.398832919019490E-005  0.999987959861755     
  2.466039337234341E-005  0.999987423419952     
  2.535128630497907E-005  0.999986648559570     
  2.606153549998898E-005  0.999985814094543     
  2.679168324819031E-005  0.999985098838806     
  2.754228703338163E-005  0.999984264373779     
  2.831391995799379E-005  0.999983310699463     
  2.910717118066608E-005  0.999982357025146     
  2.992264636608189E-005  0.999981403350830     
  3.076096814740705E-005  0.999980330467224     
  3.162277660168380E-005  0.999979257583618     
  3.250872973854347E-005  0.999978065490723     
  3.341950400261143E-005  0.999976873397827     
  3.435579478998743E-005  0.999975502490997     
  3.531831697919570E-005  0.999974071979523     
  3.630780547701017E-005  0.999972701072693     
  3.732501577957207E-005  0.999971091747284     
  3.837072454922785E-005  0.999969542026520     
  3.944573020752785E-005  0.999967753887177     
  4.055085354483844E-005  0.999965906143188     
  4.168693834703355E-005  0.999963998794556     
  4.285485203974392E-005  0.999961972236633     
  4.405548635065534E-005  0.999959766864777     
  4.528975799036213E-005  0.999957621097565     
  4.655860935229591E-005  0.999955236911774     
  4.786300923226380E-005  0.999952733516693     
  4.920395356814511E-005  0.999949932098389     
  5.058246620031137E-005  0.999947190284729     
  5.199959965335162E-005  0.999944210052490     
  5.345643593969714E-005  0.999941051006317     
  5.495408738576248E-005  0.999937713146210     
  5.649369748123022E-005  0.999934196472168     
  5.807644175213124E-005  0.999930500984192     
  5.970352865838366E-005  0.999926567077637     
  6.137620051647945E-005  0.999922513961792     
  6.309573444801929E-005  0.999918162822723     
  6.486344335482387E-005  0.999913513660431     
  6.668067692136219E-005  0.999908566474915     
  6.854882264526621E-005  0.999903619289398     
  7.046930689671467E-005  0.999898076057434     
  7.244359600749906E-005  0.999892473220825     
  7.447319739059889E-005  0.999886333942413     
  7.655966069112569E-005  0.999879956245422     
  7.870457896950985E-005  0.999873220920563     
  8.090958991783830E-005  0.999866008758545     
  8.317637711026709E-005  0.999858498573303     
  8.550667128846841E-005  0.999850571155548     
  8.790225168308842E-005  0.999842166900635     
  9.036494737223004E-005  0.999833464622498     
  9.289663867799363E-005  0.999824106693268     
  9.549925860214369E-005  0.999814271926880     
  9.817479430199844E-005  0.999803841114044     
  1.009252886076684E-004  0.999792814254761     
  1.037528415818013E-004  0.999781191349030     
  1.066596121230258E-004  0.999768912792206     
  1.096478196143185E-004  0.999756097793579     
  1.127197456175510E-004  0.999742507934570     
  1.158777356155126E-004  0.999728083610535     
  1.191242008027375E-004  0.999712884426117     
  1.224616199265049E-004  0.999696969985962     
  1.258925411794167E-004  0.999680042266846     
  1.294195841449986E-004  0.999662160873413     
  1.330454417978091E-004  0.999643385410309     
  1.367728825595849E-004  0.999623477458954     
  1.406047524129914E-004  0.999602675437927     
  1.445439770745928E-004  0.999580502510071     
  1.485935642287007E-004  0.999557256698608     
  1.527566058238073E-004  0.999532520771027     
  1.570362804333553E-004  0.999506711959839     
  1.614358556826487E-004  0.999479413032532     
  1.659586907437562E-004  0.999450564384460     
  1.706082389003124E-004  0.999420166015625     
  1.753880501841762E-004  0.999388098716736     
  1.803017740859570E-004  0.999354302883148     
  1.853531623414812E-004  0.999318718910217     
  1.905460717963248E-004  0.999281048774719     
  1.958844673505991E-004  0.999241471290588     
  2.013724249862389E-004  0.999199688434601     
  2.070141348791041E-004  0.999155640602112     
  2.128139045982711E-004  0.999109268188477     
  2.187761623949552E-004  0.999060332775116     
  2.249054605835780E-004  0.999008774757385     
  2.312064790175594E-004  0.998954534530640     
  2.376840286624876E-004  0.998897373676300     
  2.443430552693971E-004  0.998837113380432     
  2.511886431509580E-004  0.998773515224457     
  2.582260190634596E-004  0.998706579208374     
  2.654605561975539E-004  0.998636245727539     
  2.728977782808040E-004  0.998562037944794     
  2.805433637951713E-004  0.998483836650848     
  2.884031503126605E-004  0.998401522636414     
  2.964831389524342E-004  0.998314976692200     
  3.047894989627983E-004  0.998223662376404     
  3.133285724315586E-004  0.998127698898315     
  3.221068791283435E-004  0.998026609420776     
  3.311311214825911E-004  0.997920334339142     
  3.404081897010009E-004  0.997808396816254     
  3.499451670283573E-004  0.997690677642822     
  3.597493351557423E-004  0.997566878795624     
  3.698281797802662E-004  0.997436523437500     
  3.801893963205612E-004  0.997299551963806     
  3.908408957924021E-004  0.997155427932739     
  4.017908108489400E-004  0.997003972530365     
  4.130475019901615E-004  0.996844649314880     
  4.246195639463130E-004  0.996677219867706     
  4.365158322401661E-004  0.996501147747040     
  4.487453899331323E-004  0.996316254138947     
  4.613175745603796E-004  0.996121942996979     
  4.742419852602448E-004  0.995917797088623     
  4.875284901033865E-004  0.995703518390656     
  5.011872336272725E-004  0.995478391647339     
  5.152286445817567E-004  0.995241999626160     
  5.296634438916581E-004  0.994993805885315     
  5.445026528424215E-004  0.994733214378357     
  5.597576014951105E-004  0.994459867477417     
  5.754399373371572E-004  0.994173049926758     
  5.915616341754743E-004  0.993872165679932     
  6.081350012787182E-004  0.993556559085846     
  6.251726927756862E-004  0.993225634098053     
  6.426877173170201E-004  0.992878675460815     
  6.606934480075957E-004  0.992514848709106     
  6.792036326171843E-004  0.992133796215057     
  6.982324040771712E-004  0.991734385490417     
  7.177942912713615E-004  0.991316080093384     
  7.379042301291007E-004  0.990877985954285     
  7.585775750291836E-004  0.990419268608093     
  7.798301105232585E-004  0.989939093589783     
  8.016780633876790E-004  0.989436447620392     
  8.241381150130021E-004  0.988910675048828     
  8.472274141405964E-004  0.988360643386841     
  8.709635899560805E-004  0.987785398960114     
  8.953647655495937E-004  0.987183928489685     
  9.204495717531712E-004  0.986555337905884     
  9.462371613657930E-004  0.985898375511169     
  9.727472237769651E-004  0.985212206840515     
  1.000000000000000E-003  0.984495401382446     
  1.028016298126473E-003  0.983747124671936     
  1.056817509213658E-003  0.982965946197510     
  1.086425623617066E-003  0.982150912284851     
  1.116863247780561E-003  0.981300592422485     
  1.148153621496883E-003  0.980413913726807     
  1.180320635651730E-003  0.979489386081696     
  1.213388850464977E-003  0.978525698184967     
  1.247383514242943E-003  0.977521777153015     
  1.282330582656022E-003  0.976475954055786     
  1.318256738556408E-003  0.975387096405029     
  1.355189412351036E-003  0.974253535270691     
  1.393156802945304E-003  0.973074197769165     
  1.432187899273544E-003  0.971847057342529     
  1.472312502432719E-003  0.970571219921112     
  1.513561248436209E-003  0.969244837760925     
  1.555965631605075E-003  0.967866539955139     
  1.599558028614670E-003  0.966434657573700     
  1.644371723214932E-003  0.964947760105133     
  1.690440931643265E-003  0.963404178619385     
  1.737800828749376E-003  0.961802363395691     
  1.786487574852052E-003  0.960140824317932     
  1.836538343348347E-003  0.958417892456055     
  1.887991349096295E-003  0.956631779670715     
  1.940885877592779E-003  0.954781055450439     
  1.995262314968881E-003  0.952864050865173     
  2.051162178825567E-003  0.950879216194153     
  2.108628149933291E-003  0.948824763298035     
  2.167704104819694E-003  0.946699142456055     
  2.228435149270303E-003  0.944500684738159     
  2.290867652767772E-003  0.942227840423584     
  2.355049283896009E-003  0.939878940582275     
  2.421029046736178E-003  0.937452375888824     
  2.488857318282390E-003  0.934946537017822     
  2.558585886905645E-003  0.932360053062439     
  2.630267991895381E-003  0.929690957069397     
  2.703958364108844E-003  0.926938056945801     
  2.779713267759288E-003  0.924099743366241     
  2.857590543374947E-003  0.921174347400665     
  2.937649651961530E-003  0.918160438537598     
  3.019951720402016E-003  0.915056824684143     
  3.104559588128356E-003  0.911861658096313     
  3.191537855100761E-003  0.908573865890503     
  3.280952931131191E-003  0.905191779136658     
  3.372873086588689E-003  0.901714205741882     
  3.467368504525317E-003  0.898140072822571     
  3.564511334262443E-003  0.894467592239380     
  3.664375746478333E-003  0.890695869922638     
  3.767037989839089E-003  0.886823654174805     
  3.872576449216173E-003  0.882849574089050     
  3.981071705534973E-003  0.878772675991058     
  4.092606597300110E-003  0.874591708183289     
  4.207266283844442E-003  0.870305895805359     
  4.325138310350089E-003  0.865913867950439     
  4.446312674691089E-003  0.861414790153503     
  4.570881896148752E-003  0.856807649135590     
  4.698941086052156E-003  0.852091610431671     
  4.830588020397728E-003  0.847265601158142     
  4.965923214503363E-003  0.842328965663910     
  5.105049999754065E-003  0.837280631065369     
  5.248074602497728E-003  0.832120060920715     
  5.395106225151279E-003  0.826846182346344     
  5.546257129579110E-003  0.821458518505096     
  5.701642722807478E-003  0.815956115722656     
  5.861381645140291E-003  0.810338437557220     
  6.025595860743580E-003  0.804604530334473     
  6.194410750767818E-003  0.798753976821899     
  6.367955209079162E-003  0.792785823345184     
  6.546361740672754E-003  0.786699593067169     
  6.729766562843182E-003  0.780494391918182     
  6.918309709189363E-003  0.774169802665710     
  7.112135136533288E-003  0.767724871635437     
  7.311390834834172E-003  0.761159062385559     
  7.516228940182053E-003  0.754471540451050     
  7.726805850957022E-003  0.747661709785461     
  7.943282347242814E-003  0.740728616714478     
  8.165823713585922E-003  0.733671545982361     
  8.394599865193973E-003  0.726489782333374     
  8.629785477669702E-003  0.719182550907135     
  8.871560120379608E-003  0.711748957633972     
  9.120108393559097E-003  0.704188227653503     
  9.375620069258801E-003  0.696499645709991     
  9.638290236239706E-003  0.688682258129120     
  9.908319448927675E-003  0.680735409259796     
  1.018591388054117E-002  0.672658383846283     
  1.047128548050901E-002  0.664450585842133     
  1.076465213629835E-002  0.656111478805542     
  1.106623783977667E-002  0.647640883922577     
  1.137627285823431E-002  0.639038443565369     
  1.169499391019872E-002  0.630304455757141     
  1.202264434617413E-002  0.621439099311829     
  1.235947433444512E-002  0.612443327903748     
  1.270574105208542E-002  0.603318393230438     
  1.306170888131840E-002  0.594065964221954     
  1.342764961137864E-002  0.584688305854797     
  1.380384264602884E-002  0.575188636779785     
  1.419057521689093E-002  0.565570592880249     
  1.458814260275347E-002  0.555839061737061     
  1.499684835502374E-002  0.545999646186829     
  1.541700452949558E-002  0.536059200763702     
  1.584893192461114E-002  0.526025533676147     
  1.629296032639721E-002  0.515907883644104     
  1.674942876026438E-002  0.505716621875763     
  1.721868574986006E-002  0.495463281869888     
  1.770108958317422E-002  0.485161244869232     
  1.819700858609983E-002  0.474824398756027     
  1.870682140365802E-002  0.464468389749527     
  1.923091728910158E-002  0.454109877347946     
  1.976969640111862E-002  0.443766385316849     
  2.032357010936221E-002  0.433456331491470     
  2.089296130854041E-002  0.423198848962784     
  2.147830474130533E-002  0.413013309240341     
  2.208004733018901E-002  0.402919471263885     
  2.269864851883821E-002  0.392936676740646     
  2.333458062281004E-002  0.383084148168564     
  2.398832919019490E-002  0.373380452394485     
  2.466039337234341E-002  0.363843202590942     
  2.535128630497907E-002  0.354488968849182     
  2.606153549998898E-002  0.345333009958267     
  2.679168324819032E-002  0.336389303207397     
  2.754228703338169E-002  0.327669978141785     
  2.831391995799379E-002  0.319185912609100     
  2.910717118066608E-002  0.310945928096771     
  2.992264636608189E-002  0.302957206964493     
  3.076096814740711E-002  0.295225113630295     
  3.162277660168379E-002  0.287752985954285     
  3.250872973854347E-002  0.280542224645615     
  3.341950400261143E-002  0.273591995239258     
  3.435579478998750E-002  0.266898930072784     
  3.531831697919570E-002  0.260457187891006     
  3.630780547701017E-002  0.254257708787918     
  3.732501577957206E-002  0.248288348317146     
  3.837072454922792E-002  0.242532983422279     
  3.944573020752785E-002  0.236971810460091     
  4.055085354483844E-002  0.231580868363380     
  4.168693834703355E-002  0.226331889629364     
  4.285485203974392E-002  0.221193119883537     
  4.405548635065534E-002  0.216129094362259     
  4.528975799036204E-002  0.211102083325386     
  4.655860935229591E-002  0.206073224544525     
  4.786300923226380E-002  0.201004251837730     
  4.920395356814511E-002  0.195859506726265     
  5.058246620031137E-002  0.190608546137810     
  5.199959965335162E-002  0.185228452086449     
  5.345643593969714E-002  0.179706752300262     
  5.495408738576248E-002  0.174043655395508     
  5.649369748123022E-002  0.168253839015961     
  5.807644175213124E-002  0.162367627024651     
  5.970352865838366E-002  0.156430885195732     
  6.137620051647946E-002  0.150503784418106     
  6.309573444801930E-002  0.144657656550407     
  6.486344335482389E-002  0.138970747590065     
  6.668067692136219E-002  0.133522152900696     
  6.854882264526620E-002  0.128385066986084     
  7.046930689671467E-002  0.123618967831135     
  7.244359600749906E-002  0.119262568652630     
  7.447319739059889E-002  0.115327708423138     
  7.655966069112569E-002  0.111795186996460     
  7.870457896950984E-002  0.108614124357700     
  8.090958991783830E-002  0.105704776942730     
  8.317637711026708E-002  0.102965615689754     
  8.550667128846841E-002  0.100284367799759     
  8.790225168308842E-002  9.755191951990128E-002
  9.036494737223023E-002  9.467755258083344E-002
  9.289663867799362E-002  9.160339087247849E-002
  9.549925860214369E-002  8.831512182950974E-002
  9.817479430199844E-002  8.484691381454468E-002
  0.100925288607669       8.127802610397339E-002
  0.103752841581801       7.772108912467957E-002
  0.106659612123026       7.430243492126465E-002
  0.109647819614319       7.113768160343170E-002
  0.112719745617551       6.830722838640213E-002
  0.115877735615513       6.583713740110397E-002
  0.119124200802738       6.369099766016006E-002
  0.122461619926505       6.177624687552452E-002
  0.125892541179417       5.996544286608696E-002
  0.129419584144999       5.812842771410942E-002
  0.133045441797809       5.616760998964310E-002
  0.136772882559585       5.404588207602501E-002
  0.140604752412991       5.179759114980698E-002
  0.144543977074593       4.951684921979904E-002
  0.148593564228701       4.732500016689301E-002
  0.152756605823807       4.532688111066818E-002
  0.157036280433355       4.357189685106277E-002
  0.161435855682649       4.203555360436440E-002
  0.165958690743756       4.063127562403679E-002
  0.170608238900312       3.924915939569473E-002
  0.175388050184176       3.780568018555641E-002
  0.180301774085957       3.628087788820267E-002
  0.185353162341481       3.472346439957619E-002
  0.190546071796325       3.322000801563263E-002
  0.195884467350599       3.184400871396065E-002
  0.201372424986239       3.061420097947121E-002
  0.207014134879104       2.948758378624916E-002
  0.212813904598271       2.839178033173084E-002
  0.218776162394955       2.727494761347771E-002
  0.224905460583578       2.613806538283825E-002
  0.231206479017559       2.502634190022945E-002
  0.237684028662488       2.398799173533916E-002
  0.244343055269397       2.303464151918888E-002
  0.251188643150958       2.213648334145546E-002
  0.258226019063460       2.125392854213715E-002
  0.265460556197554       2.037396840751171E-002
  0.272897778280804       1.951628364622593E-002
  0.280543363795172       1.870620250701904E-002
  0.288403150312661       1.794632151722908E-002
  0.296483138952435       1.721764542162418E-002
  0.304789498962798       1.650456525385380E-002
  0.313328572431559       1.581101678311825E-002
  0.322106879128343       1.514949463307858E-002
  0.331131121482591       1.452183537185192E-002
  0.340408189701001       1.391848828643560E-002
  0.349945167028358       1.333352178335190E-002
  0.359749335155742       1.277069374918938E-002
  0.369828179780267       1.223371177911758E-002
  0.380189396320561       1.171930041164160E-002
  0.390840895792402       1.122331619262695E-002
  0.401790810848940       1.074657309800386E-002
  0.413047501990162       1.029052771627903E-002
  0.424619563946313       9.853149764239788E-003
  0.436515832240166       9.432495571672916E-003
  0.448745389933132       9.029113687574863E-003
  0.461317574560379       8.642810396850109E-003
  0.474241985260245       8.271898142993450E-003
  0.487528490103386       7.916001603007317E-003
  0.501187233627272       7.575160358101130E-003
  0.515228644581756       7.248205598443747E-003
  0.529663443891658       6.934603676199913E-003
  0.544502652842421       6.634278222918510E-003
  0.559757601495110       6.346269976347685E-003
  0.575439937337157       6.070232484489679E-003
  0.591561634175474       5.805874709039927E-003
  0.608135001278718       5.552407354116440E-003
  0.625172692775686       5.309696309268475E-003
  0.642687717317019       5.077147390693426E-003
  0.660693448007596       4.854379687458277E-003
  0.679203632617184       4.641084000468254E-003
  0.698232404077172       4.436739254742861E-003
  0.717794291271362       4.241147078573704E-003
  0.737904230129102       4.053796641528606E-003
  0.758577575029184       3.874498652294278E-003
  0.779830110523259       3.702796064317226E-003
  0.801678063387679       3.538494464010000E-003
  0.824138115013003       3.381193382665515E-003
  0.847227414140596       3.230686532333493E-003
  0.870963589956081       3.086636075749993E-003
  0.895364765549594       2.948808250948787E-003
  0.920449571753172       2.816944383084774E-003
  0.946237161365793       2.690773457288742E-003
  0.972747223776966       2.570095006376505E-003
   1.00000000000000       2.454653847962618E-003
   1.02801629812647       2.344235545024276E-003
   1.05681750921366       2.238644752651453E-003
   1.08642562361707       2.137665171176195E-003
   1.11686324778056       2.041102852672338E-003
   1.14815362149688       1.948779332451522E-003
   1.18032063565173       1.860515330918133E-003
   1.21338885046498       1.776134944520891E-003
   1.24738351424294       1.695472165010870E-003
   1.28233058265602       1.618372043594718E-003
   1.31825673855641       1.544684055261314E-003
   1.35518941235104       1.474261633120477E-003
   1.39315680294530       1.406965078786016E-003
   1.43218789927354       1.342659816145897E-003
   1.47231250243272       1.281217555515468E-003
   1.51356124843621       1.222515129484236E-003
   1.55596563160507       1.166434260085225E-003
   1.59955802861467       1.112862257286906E-003
   1.64437172321493       1.061689807102084E-003
   1.69044093164326       1.012813881970942E-003
   1.73780082874938       9.661339572630823E-004
   1.78648757485205       9.215546306222677E-004
   1.83653834334835       8.789845742285252E-004
   1.88799134909629       8.383348467759788E-004
   1.94088587759278       7.995221531018615E-004
   1.99526231496888       7.624663994647563E-004
   2.05116217882557       7.270897040143609E-004
   2.10862814993329       6.933182012289762E-004
   2.16770410481970       6.610816344618797E-004
   2.22843514927030       6.303112604655325E-004
   2.29086765276777       6.009431672282517E-004
   2.35504928389601       5.729145486839116E-004
   2.42102904673618       5.461664404720068E-004
   2.48885731828239       5.206415662541986E-004
   2.55858588690565       4.962855018675327E-004
   2.63026799189538       4.730462969746441E-004
   2.70395836410885       4.508738347794861E-004
   2.77971326775929       4.297204723116010E-004
   2.85759054337495       4.095405165571719E-004
   2.93764965196153       3.902901371475309E-004
   3.01995172040202       3.719277447089553E-004
   3.10455958812836       3.544133505783975E-004
   3.19153785510076       3.377086250111461E-004
   3.28095293113119       3.217769844923168E-004
   3.37287308658869       3.065835917368531E-004
   3.46736850452532       2.920948609244078E-004
   3.56451133426245       2.782789815682918E-004
   3.66437574647833       2.651053946465254E-004
   3.76703798983909       2.525447926018387E-004
   3.87257644921617       2.405692939646542E-004
   3.98107170553498       2.291522978339344E-004
   4.09260659730011       2.182682073907927E-004
   4.20726628384445       2.078927354887128E-004
   4.32513831035009       1.980026136152446E-004
   4.44631267469109       1.885754609247670E-004
   4.57088189614875       1.795901771401986E-004
   4.69894108605215       1.710264477878809E-004
   4.83058802039773       1.628648169571534E-004
   4.96592321450336       1.550867455080152E-004
   5.10504999975406       1.476746983826160E-004
   5.24807460249772       1.406116352882236E-004
   5.39510622515128       1.338814909104258E-004
   5.54625712957910       1.274688402190804E-004
   5.70164272280748       1.213589712278917E-004
   5.86138164514028       1.155378267867491E-004
   6.02559586074358       1.099920191336423E-004
   6.19441075076781       1.047087571350858E-004
   6.36795520907916       9.967582445824519E-005
   6.54636174067275       9.488156501902267E-005
   6.72976656284318       9.031486115418375E-005
   6.91830970918936       8.596503175795078E-005
   7.11213513653330       8.182201418094337E-005
   7.31139083483417       7.787610957166180E-005
   7.51622894018206       7.411807746393606E-005
   7.72680585095702       7.053912850096822E-005
   7.94328234724282       6.713085167575628E-005
   8.16582371358592       6.388522888300940E-005
   8.39459986519398       6.079464947106317E-005
   8.62978547766970       5.785177927464247E-005
   8.87156012037962       5.504966247826815E-005
   9.12010839355910       5.238169978838414E-005
   9.37562006925881       4.984152474207804E-005
   9.63829023623970       4.742313103633933E-005
   9.90831944892769       4.512074883677997E-005
   10.1859138805412       4.292889570933767E-005
   10.4712854805090       4.084233296453021E-005
   10.7646521362984       3.885608748532832E-005
   11.0662378397767       3.696537896757945E-005
   11.3762728582343       3.516568904160522E-005
   11.6949939101987       3.345268123666756E-005
   12.0226443461741       3.182225191267207E-005
   12.3594743344451       3.027045931958128E-005
   12.7057410520854       2.879355997720268E-005
   13.0617088813184       2.738797957135830E-005
   13.4276496113786       2.605032932478935E-005
   13.8038426460289       2.477736416039988E-005
   14.1905752168909       2.356598452024627E-005
   14.5881426027535       2.241325637442060E-005
   14.9968483550237       2.131636756530497E-005
   15.4170045294956       2.027264781645499E-005
   15.8489319246111       1.927955236169510E-005
   16.2929603263972       1.833464375522453E-005
   16.7494287602644       1.743562461342663E-005
   17.2186857498601       1.658028486417606E-005
   17.7010895831742       1.576651993673295E-005
   18.1970085860998       1.499233985668980E-005
   18.7068214036580       1.425583650416229E-005
   19.2309172891016       1.355519270873629E-005
   19.7696964011186       1.288868770643603E-005
   20.3235701093622       1.225467258336721E-005
   20.8929613085404       1.165157846116927E-005
   21.4783047413053       1.107791376853129E-005
   22.0800473301890       1.053225878422381E-005
   22.6986485188382       1.001325563265709E-005
   23.3345806228100       9.519620107312221E-006
   23.9883291901949       9.050121661857702E-006
   24.6603933723434       8.603592505096458E-006
   25.3512863049791       8.178919415513519E-006
   26.0615354999890       7.775042831781320E-006
   26.7916832481903       7.390952760033542E-006
   27.5422870333817       7.025692866591271E-006
   28.3139199579938       6.678344561805716E-006
   29.1071711806661       6.348037913994631E-006
   29.9226463660819       6.033946647221455E-006
   30.7609681474071       5.735279501095647E-006
   31.6227766016838       5.451288870972348E-006
   32.5087297385435       5.181256710784510E-006
   33.4195040026114       4.924502718495205E-006
   34.3557947899875       4.680382062360877E-006
   35.3183169791957       4.448275831236970E-006
   36.3078054770102       4.227601039019646E-006
   37.3250157795721       4.017794708488509E-006
   38.3707245492279       3.818331606453285E-006
   39.4457302075279       3.628701961133629E-006
   40.5508535448384       3.448425331953331E-006
   41.6869383470336       3.277045379945775E-006
   42.8548520397440       3.114126684522489E-006
   44.0554863506553       2.959253151857411E-006
   45.2897579903621       2.812031880239374E-006
   46.5586093522959       2.672086793609196E-006
   47.8630092322638       2.539062506912160E-006
   49.2039535681451       2.412617732261424E-006
   50.5824662003114       2.292430281158886E-006
   51.9995996533516       2.178192744395346E-006
   53.4564359396971       2.069612492050510E-006
   54.9540873857625       1.966411900866660E-006
   56.4936974812302       1.868325625764555E-006
   58.0764417521312       1.775102532519668E-006
   59.7035286583837       1.686503537712269E-006
   61.3762005164795       1.602300130798540E-006
   63.0957344480193       1.522275965726294E-006
   64.8634433548239       1.446225837753445E-006
   66.6806769213622       1.373952159156033E-006
   68.5488226452662       1.305270188822760E-006
   70.4693068967147       1.240001552105241E-006
   72.4435960074991       1.177978674604674E-006
   74.4731973905989       1.119040689445683E-006
   76.5596606911257       1.063034687831532E-006
   78.7045789695099       1.009816628538829E-006
   80.9095899178383       9.592481546860654E-007
   83.1763771102671       9.111985832532810E-007
   85.5066712884684       8.655426881887252E-007
   87.9022516830884       8.221622351811675E-007
   90.3649473722302       7.809447879481013E-007
   92.8966386779936       7.417824008371099E-007
   95.4992586021437       7.045740062494588E-007
   98.1747943019984       6.692224587823148E-007
   100.925288607668       6.356355584102857E-007
   103.752841581801       6.037257662683260E-007
   106.659612123026       5.734096362175478E-007
   109.647819614319       5.446084969662479E-007
   112.719745617551       5.172466899239225E-007
   115.877735615513       4.912528197564825E-007
   119.124200802738       4.665588448915514E-007
   122.461619926505       4.431004185789789E-007
   125.892541179417       4.208156383356254E-007
   129.419584144999       3.996461828137399E-007
   133.045441797809       3.795368854753178E-007
   136.772882559585       3.604345408803056E-007
   140.604752412991       3.422892405069433E-007
   144.543977074593       3.250532643050974E-007
   148.593564228701       3.086811091179698E-007
   152.756605823808       2.931298865860299E-007
   157.036280433355       2.783585557608603E-007
   161.435855682649       2.643283778525074E-007
   165.958690743756       2.510021204216173E-007
   170.608238900312       2.383447252896076E-007
   175.388050184176       2.263228964238806E-007
   180.301774085957       2.149047446664554E-007
   185.353162341481       2.040602424813187E-007
   190.546071796324       1.937605702551082E-007
   195.884467350599       1.839785710444630E-007
   201.372424986239       1.746883384612374E-007
   207.014134879105       1.658652308833553E-007
   212.813904598271       1.574859567199383E-007
   218.776162394955       1.495282049290836E-007
   224.905460583578       1.419709718675222E-007
   231.206479017560       1.347940781215584E-007
   237.684028662487       1.279785379892928E-007
   244.343055269397       1.215062468418182E-007
   251.188643150958       1.153599313852283E-007
   258.226019063460       1.095233628234382E-007
   265.460556197554       1.039808878999793E-007
   272.897778280804       9.871783390735800E-008
   280.543363795172       9.372010367769690E-008
   288.403150312661       8.897444558897405E-008
   296.483138952434       8.446816934792878E-008
   304.789498962798       8.018925967689938E-008
   313.328572431559       7.612629104869484E-008
   322.106879128344       7.226842058116745E-008
   331.131121482591       6.860529566665718E-008
   340.408189701001       6.512721739682092E-008
   349.945167028358       6.182479239669192E-008
   359.749335155743       5.868921704177410E-008
   369.828179780266       5.571209982235814E-008
   380.189396320561       5.288546134352146E-008
   390.840895792402       5.020172721970084E-008
   401.790810848941       4.765369254755569E-008
   413.047501990161       4.523453256410903E-008
   424.619563946313       4.293776001418337E-008
   436.515832240167       4.075720383411863E-008
   448.745389933133       3.868700559905847E-008
   461.317574560379       3.672160175938188E-008
   474.241985260245       3.485570232442115E-008
   487.528490103387       3.308428375703443E-008
   501.187233627274       3.140260318446053E-008
   515.228644581756       2.980611668590427E-008
   529.663443891658       2.829052014874378E-008
   544.502652842422       2.685174749217367E-008
   559.757601495109       2.548589606021778E-008
   575.439937337157       2.418930300507327E-008
   591.561634175474       2.295845114019812E-008
   608.135001278719       2.179003466551421E-008
   625.172692775685       2.068089877127477E-008
   642.687717317019       1.962803253263701E-008
   660.693448007596       1.862860621315576E-008
   679.203632617186       1.767990376322359E-008
   698.232404077170       1.677936545263492E-008
   717.794291271362       1.592455944887661E-008
   737.904230129102       1.511316938263008E-008
   758.577575029185       1.434299434777131E-008
   779.830110523258       1.361194801319243E-008
   801.678063387679       1.291804974101751E-008
   824.138115013003       1.225941925753204E-008
   847.227414140598       1.163426954775559E-008
   870.963589956080       1.104090330272811E-008
   895.364765549594       1.047771380768836E-008
   920.449571753172       9.943165402148679E-009
   946.237161365795       9.435811243463377E-009
   972.747223776964       8.954269326011399E-009
   1000.00000000000       8.497234915694207E-009
   1028.01629812647       8.063456569118443E-009
   1056.81750921366       7.651763667126943E-009
   1086.42562361706       7.261029999483526E-009
   1116.86324778056       6.890192860709021E-009
   1148.15362149688       6.538245056475489E-009
   1180.32063565173       6.204220692751505E-009
   1213.38885046498       5.887218268441075E-009
   1247.38351424294       5.586366036425261E-009
   1282.33058265602       5.300848204825570E-009
   1318.25673855641       5.029882732543456E-009
   1355.18941235104       4.772731099222938E-009
   1393.15680294530       4.528692088001662E-009
   1432.18789927355       4.297097788708015E-009
   1472.31250243272       4.077316262396380E-009
   1513.56124843621       3.868746212276619E-009
   1555.96563160508       3.670817649847891E-009
   1599.55802861467       3.482989008318782E-009
   1644.37172321494       3.304746254428892E-009
   1690.44093164326       3.135602000270410E-009
   1737.80082874938       2.975092172619043E-009
   1786.48757485205       2.822778677469273E-009
   1836.53834334834       2.678243848919237E-009
   1887.99134909629       2.541090671215329E-009
   1940.88587759278       2.410943444886016E-009
   1995.26231496888       2.287445566295787E-009
   2051.16217882556       2.170258639466738E-009
   2108.62814993329       2.059060477677122E-009
   2167.70410481970       1.953545769595166E-009
   2228.43514927031       1.853425080078352E-009
   2290.86765276777       1.758423073816573E-009
   2355.04928389601       1.668278959421343E-009
   2421.02904673618       1.582745490225079E-009
   2488.85731828240       1.501586854857351E-009
   2558.58588690564       1.424579898490208E-009
   2630.26799189538       1.351513123637460E-009
   2703.95836410885       1.282185135842440E-009
   2779.71326775929       1.216405198789516E-009
   2857.59054337494       1.153991791014164E-009
   2937.64965196153       1.094773938170590E-009
   3019.95172040202       1.038588104407268E-009
   3104.55958812836       9.852789695230513E-010
   3191.53785510076       9.347003171455981E-010
   3280.95293113119       8.867119261068979E-010
   3372.87308658869       8.411817908893227E-010
   3467.36850452532       7.979845673133923E-010
   3564.51133426244       7.570008508928083E-010
   3664.37574647833       7.181170658121516E-010
   3767.03798983909       6.812264086164532E-010
   3872.57644921618       6.462266832762964E-010
   3981.07170553497       6.130214669219924E-010
   4092.60659730011       5.815185555313462E-010
   4207.26628384445       5.516312406861346E-010
   4325.13831035010       5.232767552598716E-010
   4446.31267469108       4.963767175070188E-010
   4570.88189614875       4.708564649291702E-010
   4698.94108605216       4.466455816309889E-010
   4830.58802039774       4.236770656529387E-010
   4965.92321450336       4.018871346822550E-010
   5105.04999975406       3.812156423865787E-010
   5248.07460249773       3.616051347243854E-010
   5395.10622515127       3.430015160788003E-010
   5546.25712957910       3.253529945457245E-010
   5701.64272280748       3.086108035788016E-010
   5861.38164514030       2.927282860554214E-010
   6025.59586074357       2.776616714328384E-010
   6194.41075076781       2.633687989916922E-010
   6367.95520907916       2.498103945924868E-010
   6546.36174067276       2.369484886077800E-010
   6729.76656284317       2.247475400229959E-010
   6918.30970918936       2.131736870358836E-010
   7112.13513653330       2.021945944008507E-010
   7311.39083483419       1.917799807849008E-010
   7516.22894018205       1.819006889558494E-010
   7726.80585095702       1.725293519161397E-010
   7943.28234724282       1.636399626914198E-010
   8165.82371358594       1.552076661637258E-010
   8394.59986519396       1.472091060161773E-010
   8629.78547766970       1.396219528881915E-010
   8871.56012037962       1.324250986645126E-010
   9120.10839355912       1.255985315751218E-010
   9375.62006925879       1.191232529285102E-010
   9638.29023623971       1.129811869060582E-010
   9908.31944892769       1.071552221953986E-010
   10185.9138805412       1.016291287236903E-010
   10471.2854805090       9.638752296314834E-011
   10764.6521362983       9.141575690874149E-011
   11066.2378397767       8.669998052823757E-011
   11376.2728582343       8.222706543437042E-011
   11694.9939101987       7.798447998474956E-011
   12022.6443461741       7.396040030416273E-011
   12359.4743344451       7.014360620116733E-011
   12705.7410520854       6.652344647362085E-011
   13061.7088813184       6.308980421421140E-011
   13427.6496113786       5.983307599377596E-011
   13803.8426460289       5.674416839185348E-011
   14190.5752168910       5.381446677166224E-011
   14588.1426027535       5.103575895226697E-011
   14996.8483550237       4.840028378083616E-011
   15417.0045294956       4.590068256038471E-011
   15848.9319246112       4.352995047751662E-011
   16292.9603263972       4.128145741910672E-011
   16749.4287602644       3.914890980838415E-011
   17218.6857498601       3.712636101327327E-011
   17701.0895831742       3.520811073243202E-011
   18197.0085860998       3.338882642589525E-011
   18706.8214036580       3.166338718996187E-011
   19230.9172891016       3.002696008502781E-011
   19769.6964011186       2.847497758418083E-011
   20323.5701093622       2.700308726621969E-011
   20892.9613085404       2.560715181565421E-011
   21478.3047413054       2.428326463521646E-011
   22080.0473301890       2.302771341666787E-011
   22698.6485188382       2.183698014079916E-011
   23334.5806228100       2.070771852602515E-011
   23988.3291901949       1.963675923255526E-011
   24660.3933723434       1.862110812766993E-011
   25351.2863049791       1.765790118291033E-011
   26061.5354999890       1.674444263799479E-011
   26791.6832481904       1.587816336745540E-011
   27542.2870333816       1.505663649314926E-011
   28313.9199579938       1.427754529187419E-011
   29107.1711806661       1.353870921622091E-011
   29922.6463660819       1.283804573065650E-011
   30760.9681474070       1.217359026084441E-011
   31622.7766016838       1.154347450960103E-011
   32508.7297385435       1.094592298744868E-011
   33419.5040026115       1.037926081887131E-011
   34355.7947899874       9.841887721462328E-012
   35318.3169791957       9.332298822606333E-012
   36307.8054770102       8.849053434456522E-012
   37325.0157795721       8.390795870616419E-012
   38370.7245492278       7.956233762096421E-012
   39445.7302075278       7.544147598292916E-012
   40550.8535448384       7.153372946072656E-012
   41686.9383470336       6.782809123390132E-012
   42854.8520397439       6.431417030883235E-012
   44055.4863506553       6.098201370957623E-012
   45289.7579903621       5.782225392936269E-012
   46558.6093522960       5.482598316314258E-012
   47863.0092322638       5.198477499163134E-012
   49203.9535681451       4.929057162428307E-012
   50582.4662003115       4.673582701397727E-012
   51999.5996533517       4.431328567977566E-012
   53456.4359396971       4.201616485288717E-012
   54954.0873857625       3.983795498346820E-012
   56493.6974812303       3.777251081360511E-012
   58076.4417521311       3.581400367241860E-012
   59703.5286583837       3.395692147606377E-012
   61376.2005164795       3.219598632836496E-012
   63095.7344480194       3.052625426741562E-012
   64863.4433548238       2.894299817174373E-012
   66680.6769213622       2.744174679158995E-012
   68548.8226452662       2.601826523326856E-012
   70469.3068967148       2.466852243310225E-012
   72443.5960074989       2.338870633625256E-012
   74473.1973905989       2.217521088629382E-012
   76559.6606911257       2.102457530989144E-012
   78704.5789695100       1.993357952659314E-012
   80909.5899178381       1.889912054978127E-012
   83176.3771102671       1.791827320199446E-012
   85506.6712884684       1.698827059928854E-012
   87902.2516830886       1.610647379357566E-012
   90364.9473722300       1.527038478305043E-012
   92896.6386779936       1.447764651218986E-012
   95499.2586021437       1.372600926148604E-012
   98174.7943019986       1.301334257367004E-012
   100925.288607668       1.233763416950973E-012
   103752.841581801       1.169696717956414E-012
   106659.612123026       1.108952448099221E-012
   109647.819614319       1.051359195015922E-012
   112719.745617551       9.967530273380376E-013
   115877.735615513       9.449797715166408E-013
   119124.200802738       8.958922471068165E-013
   122461.619926505       8.493516762304865E-013
   125892.541179417       8.052255151720644E-013
   129419.584144999       7.633892975221490E-013
   133045.441797809       7.237240863024186E-013
   136772.882559585       6.861173955374777E-013
   140604.752412991       6.504623228931194E-013
   144543.977074593       6.166580917774112E-013
   148593.564228701       5.846084792475448E-013
   152756.605823808       5.542226833715747E-013
   157036.280433355       5.254142932363537E-013
   161435.855682649       4.981016142081851E-013
   165958.690743756       4.722070716216276E-013
   170608.238900313       4.476571565693865E-013
   175388.050184176       4.243820464315540E-013
   180301.774085957       4.023156319806626E-013
   185353.162341481       3.813954360665228E-013
   190546.071796324       3.615616649393222E-013
   195884.467350599       3.427582111366345E-013
   201372.424986239       3.249315150711390E-013
   207014.134879105       3.080309445013807E-013
   212813.904598271       2.920083879559554E-013
   218776.162394955       2.768183902587817E-013
   224905.460583578       2.624176375330689E-013
   231206.479017560       2.487651469366969E-013
   237684.028662487       2.358222666622167E-013
   244343.055269397       2.235519441003836E-013
   251188.643150958       2.119193763614607E-013
   258226.019063460       2.008914952791874E-013
   265460.556197554       1.904368047804528E-013
   272897.778280804       1.805255977257308E-013
   280543.363795172       1.711296848585370E-013
   288403.150312661       1.622222728326836E-013
   296483.138952434       1.537779913173346E-013
   304789.498962798       1.457727574717335E-013
   313328.572431559       1.381838301553126E-013
   322106.879128344       1.309895524296764E-013
   331131.121482591       1.241694464262921E-013
   340408.189701001       1.177040507161636E-013
   349945.167028358       1.115749474148858E-013
   359749.335155743       1.057646673149545E-013
   369828.179780266       1.002566288993943E-013
   380189.396320561       9.503515189428560E-014
   390840.895792403       9.008530819096597E-014
   401790.810848941       8.539304381877458E-014
   413047.501990161       8.094490111824545E-014
   424619.563946313       7.672823558154199E-014
   436515.832240167       7.273099901202243E-014
   448745.389933133       6.894180051061211E-014
   461317.574560379       6.534981160811332E-014
   474241.985260245       6.194475271267819E-014
   487528.490103387       5.871696764870801E-014
   501187.233627274       5.565720342828699E-014
   515228.644581756       5.275671528326767E-014
   529663.443891658       5.000722600768948E-014
   544502.652842422       4.740089546459263E-014
   559757.601495112       4.493025959964592E-014
   575439.937337157       4.258827448685998E-014
   591561.634175474       4.036825873034687E-014
   608135.001278719       3.826383586607966E-014
   625172.692775685       3.626901906518716E-014
   642687.717317019       3.437809254934129E-014
   660693.448007596       3.258565224833858E-014
   679203.632617186       3.088658547130939E-014
   698232.404077170       2.927602008474112E-014
   717794.291271362       2.774935331159838E-014
   737904.230129102       2.630222632033462E-014
   758577.575029185       2.493049711983775E-014
   779830.110523258       2.363023208910072E-014
   801678.063387679       2.239772461194636E-014
   824138.115013003       2.122943917285281E-014
   847227.414140598       2.012203168574433E-014
   870963.589956080       1.907234610585944E-014
   895364.765549594       1.807735852557644E-014
   920449.571753172       1.713423138452203E-014
   946237.161365795       1.624026603572627E-014
   972747.223776964       1.539289766342485E-014
   1000000.00000000       1.458970036525686E-014
